0.000000 0.000000 0.000000
0.000976 0.000000 0.000000
0.001951 0.000000 0.000000
0.002927 0.000000 0.000000
0.003902 0.000000 0.000000
0.004878 0.000000 0.000000
0.005854 0.000000 0.000000
0.006829 0.000000 0.000000
0.007805 0.000000 0.000000
0.008780 0.000000 0.000000
0.009756 0.000000 0.000000
0.010732 0.000000 0.000000
0.011707 0.000000 0.000000
0.012683 0.000000 0.000000
0.013659 0.000000 0.000000
0.014634 0.000000 0.000000
0.015610 0.000000 0.000000
0.016585 0.000000 0.000000
0.017561 0.000000 0.000000
0.018537 0.000000 0.000000
0.019512 0.000000 0.000000
0.020488 0.000000 0.000000
0.021463 0.000000 0.000000
0.022439 0.000000 0.000000
0.023415 0.000000 0.000000
0.024390 0.000000 0.000000
0.025366 0.000000 0.000000
0.026341 0.000000 0.000000
0.027317 0.000000 0.000000
0.028293 0.000000 0.000000
0.029268 0.000000 0.000000
0.030244 0.000000 0.000000
0.031220 0.000000 0.000000
0.032195 0.000000 0.000000
0.033171 0.000000 0.000000
0.034146 0.000000 0.000000
0.035122 0.000000 0.000000
0.036098 0.000000 0.000000
0.037073 0.000000 0.000000
0.038049 0.000000 0.000000
0.039024 0.000000 0.000000
0.040000 0.000000 0.000000
0.040976 0.000000 0.000000
0.041951 0.000000 0.000000
0.042927 0.000000 0.000000
0.043902 0.000000 0.000000
0.044878 0.000000 0.000000
0.045854 0.000000 0.000000
0.046829 0.000000 0.000000
0.047805 0.000000 0.000000
0.048780 0.000000 0.000000
0.049756 0.000000 0.000000
0.050732 0.000000 0.000000
0.051707 0.000000 0.000000
0.052683 0.000000 0.000000
0.053659 0.000000 0.000000
0.054634 0.000000 0.000000
0.055610 0.000000 0.000000
0.056585 0.000000 0.000000
0.057561 0.000000 0.000000
0.058537 0.000000 0.000000
0.059512 0.000000 0.000000
0.060488 0.000000 0.000000
0.061463 0.000000 0.000000
0.062439 0.000000 0.000000
0.063415 0.000000 0.000000
0.064390 0.000000 0.000000
0.065366 0.000000 0.000000
0.066341 0.000000 0.000000
0.067317 0.000000 0.000000
0.068293 0.000000 0.000000
0.069268 0.000000 0.000000
0.070244 0.000000 0.000000
0.071220 0.000000 0.000000
0.072195 0.000000 0.000000
0.073171 0.000000 0.000000
0.074146 0.000000 0.000000
0.075122 0.000000 0.000000
0.076098 0.000000 0.000000
0.077073 0.000000 0.000000
0.078049 0.000000 0.000000
0.079024 0.000000 0.000000
0.080000 0.000000 0.000000
0.080976 0.000000 0.000000
0.081951 0.000000 0.000000
0.082927 0.000000 0.000000
0.083902 0.000000 0.000000
0.084878 0.000000 0.000000
0.085854 0.000000 0.000000
0.086829 0.000000 0.000000
0.087805 0.000000 0.000000
0.088780 0.000000 0.000000
0.089756 0.000000 0.000000
0.090732 0.000000 0.000000
0.091707 0.000000 0.000000
0.092683 0.000000 0.000000
0.093659 0.000000 0.000000
0.094634 0.000000 0.000000
0.095610 0.000000 0.000000
0.096585 0.000000 0.000000
0.097561 0.000000 0.000000
0.098537 0.000000 0.000000
0.099512 0.000000 0.000000
0.100488 0.000000 0.000000
0.101463 0.000000 0.000000
0.102439 0.000000 0.000000
0.103415 0.000000 0.000000
0.104390 0.000000 0.000000
0.105366 0.000000 0.000000
0.106341 0.000000 0.000000
0.107317 0.000000 0.000000
0.108293 0.000000 0.000000
0.109268 0.000000 0.000000
0.110244 0.000000 0.000000
0.111220 0.000000 0.000000
0.112195 0.000000 0.000000
0.113171 0.000000 0.000000
0.114146 0.000000 0.000000
0.115122 0.000000 0.000000
0.116098 0.000000 0.000000
0.117073 0.000000 0.000000
0.118049 0.000000 0.000000
0.119024 0.000000 0.000000
0.120000 0.000000 0.000000
0.120976 0.000000 0.000000
0.121951 0.000000 0.000000
0.122927 0.000000 0.000000
0.123902 0.000000 0.000000
0.124878 0.000000 0.000000
0.125854 0.000000 0.000000
0.126829 0.000000 0.000000
0.127805 0.000000 0.000000
0.128780 0.000000 0.000000
0.129756 0.000000 0.000000
0.130732 0.000000 0.000000
0.131707 0.000000 0.000000
0.132683 0.000000 0.000000
0.133659 0.000000 0.000000
0.134634 0.000000 0.000000
0.135610 0.000000 0.000000
0.136585 0.000000 0.000000
0.137561 0.000000 0.000000
0.138537 0.000000 0.000000
0.139512 0.000000 0.000000
0.140488 0.000000 0.000000
0.141463 0.000000 0.000000
0.142439 0.000000 0.000000
0.143415 0.000000 0.000000
0.144390 0.000000 0.000000
0.145366 0.000000 0.000000
0.146341 0.000000 0.000000
0.147317 0.000000 0.000000
0.148293 0.000000 0.000000
0.149268 0.000000 0.000000
0.150244 0.000000 0.000000
0.151220 0.000000 0.000000
0.152195 0.000000 0.000000
0.153171 0.000000 0.000000
0.154146 0.000000 0.000000
0.155122 0.000000 0.000000
0.156098 0.000000 0.000000
0.157073 0.000000 0.000000
0.158049 0.000000 0.000000
0.159024 0.000000 0.000000
0.160000 0.000000 0.000000
0.160976 0.000000 0.000000
0.161951 0.000000 0.000000
0.162927 0.000000 0.000000
0.163902 0.000000 0.000000
0.164878 0.000000 0.000000
0.165854 0.000000 0.000000
0.166829 0.000000 0.000000
0.167805 0.000000 0.000000
0.168780 0.000000 0.000000
0.169756 0.000000 0.000000
0.170732 0.000000 0.000000
0.171707 0.000000 0.000000
0.172683 0.000000 0.000000
0.173659 0.000000 0.000000
0.174634 0.000000 0.000000
0.175610 0.000000 0.000000
0.176585 0.000000 0.000000
0.177561 0.000000 0.000000
0.178537 0.000000 0.000000
0.179512 0.000000 0.000000
0.180488 0.000000 0.000000
0.181463 0.000000 0.000000
0.182439 0.000000 0.000000
0.183415 0.000000 0.000000
0.184390 0.000000 0.000000
0.185366 0.000000 0.000000
0.186341 0.000000 0.000000
0.187317 0.000000 0.000000
0.188293 0.000000 0.000000
0.189268 0.000000 0.000000
0.190244 0.000000 0.000000
0.191220 0.000000 0.000000
0.192195 0.000000 0.000000
0.193171 0.000000 0.000000
0.194146 0.000000 0.000000
0.195122 0.000000 0.000000
0.196098 0.000000 0.000000
0.197073 0.000000 0.000000
0.198049 0.000000 0.000000
0.199024 0.000000 0.000000
0.200000 0.000000 0.000000
0.200976 0.000000 0.000000
0.201951 0.000000 0.000000
0.202927 0.000000 0.000000
0.203902 0.000000 0.000000
0.204878 0.000000 0.000000
0.205854 0.000000 0.000000
0.206829 0.000000 0.000000
0.207805 0.000000 0.000000
0.208780 0.000000 0.000000
0.209756 0.000000 0.000000
0.210732 0.000000 0.000000
0.211707 0.000000 0.000000
0.212683 0.000000 0.000000
0.213659 0.000000 0.000000
0.214634 0.000000 0.000000
0.215610 0.000000 0.000000
0.216585 0.000000 0.000000
0.217561 0.000001 0.000000
0.218537 0.000001 0.000000
0.219512 0.000001 0.000000
0.220488 0.000001 0.000000
0.221463 0.000002 0.000000
0.222439 0.000002 0.000000
0.223415 0.000003 0.000000
0.224390 0.000003 0.000000
0.225366 0.000004 0.000000
0.226341 0.000004 0.000000
0.227317 0.000007 0.000000
0.228293 0.000007 0.000000
0.229268 0.000011 0.000000
0.230244 0.000011 0.000000
0.231220 0.000016 0.000000
0.232195 0.000016 0.000000
0.233171 0.000025 0.000000
0.234146 0.000025 0.000000
0.235122 0.000037 0.000000
0.236098 0.000037 0.000000
0.237073 0.000054 0.000000
0.238049 0.000054 0.000000
0.239024 0.000078 0.000000
0.240000 0.000078 0.000000
0.240976 0.000112 0.000000
0.241951 0.000112 0.000000
0.242927 0.000159 0.000000
0.243902 0.000159 0.000000
0.244878 0.000223 0.000000
0.245854 0.000223 0.000000
0.246829 0.000310 0.000000
0.247805 0.000310 0.000000
0.248780 0.000424 0.000000
0.249756 0.000424 0.000000
0.250732 0.000574 0.000000
0.251707 0.000574 0.000000
0.252683 0.000768 0.000000
0.253659 0.000768 0.000000
0.254634 0.001016 0.000000
0.255610 0.001016 0.000000
0.256585 0.001329 0.000000
0.257561 0.001329 0.000000
0.258537 0.001718 0.000000
0.259512 0.001718 0.000000
0.260488 0.002198 0.000000
0.261463 0.002198 0.000000
0.262439 0.002782 0.000000
0.263415 0.002782 0.000000
0.264390 0.003483 0.000000
0.265366 0.003483 0.000000
0.266341 0.004316 0.000000
0.267317 0.004316 0.000000
0.268293 0.005294 0.000000
0.269268 0.005294 0.000000
0.270244 0.006431 0.000000
0.271220 0.006431 0.000000
0.272195 0.007738 0.000000
0.273171 0.007738 0.000000
0.274146 0.009225 0.000000
0.275122 0.009225 0.000000
0.276098 0.010902 0.000000
0.277073 0.010902 0.000000
0.278049 0.012774 0.000000
0.279024 0.012774 0.000000
0.280000 0.014848 0.000000
0.280976 0.014848 0.000000
0.281951 0.017125 0.000000
0.282927 0.017125 0.000000
0.283902 0.019606 0.000000
0.284878 0.019606 0.000000
0.285854 0.022291 0.000000
0.286829 0.022291 0.000000
0.287805 0.025177 0.000000
0.288780 0.025177 0.000000
0.289756 0.028259 0.000000
0.290732 0.028259 0.000000
0.291707 0.031532 0.000000
0.292683 0.031532 0.000000
0.293659 0.034989 0.000000
0.294634 0.034989 0.000000
0.295610 0.038624 0.000000
0.296585 0.038624 0.000000
0.297561 0.042428 0.000000
0.298537 0.042428 0.000000
0.299512 0.046393 0.000000
0.300488 0.046393 0.001626
0.301463 0.050511 0.004878
0.302439 0.050511 0.008130
0.303415 0.054773 0.011382
0.304390 0.054773 0.014634
0.305366 0.059170 0.017886
0.306341 0.059170 0.021138
0.307317 0.063694 0.024390
0.308293 0.063694 0.027642
0.309268 0.068337 0.030894
0.310244 0.068337 0.034146
0.311220 0.073091 0.037398
0.312195 0.073091 0.040650
0.313171 0.077949 0.043902
0.314146 0.077949 0.047154
0.315122 0.082904 0.050407
0.316098 0.082904 0.053659
0.317073 0.087949 0.056911
0.318049 0.087949 0.060163
0.319024 0.093077 0.063415
0.320000 0.093077 0.066667
0.320976 0.098283 0.069919
0.321951 0.098283 0.073171
0.322927 0.103561 0.076423
0.323902 0.103561 0.079675
0.324878 0.108906 0.082927
0.325854 0.108906 0.086179
0.326829 0.114313 0.089431
0.327805 0.114313 0.092683
0.328780 0.119778 0.095935
0.329756 0.119778 0.099187
0.330732 0.125297 0.102439
0.331707 0.125297 0.105691
0.332683 0.130865 0.108943
0.333659 0.130865 0.112195
0.334634 0.136480 0.115447
0.335610 0.136480 0.118699
0.336585 0.142138 0.121951
0.337561 0.142138 0.125203
0.338537 0.147836 0.128455
0.339512 0.147836 0.131707
0.340488 0.153572 0.134959
0.341463 0.153572 0.138211
0.342439 0.159342 0.141463
0.343415 0.159342 0.144715
0.344390 0.165144 0.147967
0.345366 0.165144 0.151220
0.346341 0.170977 0.154472
0.347317 0.170977 0.157724
0.348293 0.176838 0.160976
0.349268 0.176838 0.164228
0.350244 0.182726 0.167480
0.351220 0.182726 0.170732
0.352195 0.188638 0.173984
0.353171 0.188638 0.177236
0.354146 0.194573 0.180488
0.355122 0.194573 0.183740
0.356098 0.200530 0.186992
0.357073 0.200530 0.190244
0.358049 0.206507 0.193496
0.359024 0.206507 0.196748
0.360000 0.212503 0.200000
0.360976 0.212503 0.203252
0.361951 0.218516 0.206504
0.362927 0.218516 0.209756
0.363902 0.224547 0.213008
0.364878 0.224547 0.216260
0.365854 0.230593 0.219512
0.366829 0.230593 0.222764
0.367805 0.236654 0.226016
0.368780 0.236654 0.229268
0.369756 0.242729 0.232520
0.370732 0.242729 0.235772
0.371707 0.248817 0.239024
0.372683 0.248817 0.242276
0.373659 0.254918 0.245528
0.374634 0.254918 0.248780
0.375610 0.261030 0.252033
0.376585 0.261030 0.255285
0.377561 0.267153 0.258537
0.378537 0.267153 0.261789
0.379512 0.273287 0.265041
0.380488 0.273287 0.268293
0.381463 0.279430 0.271545
0.382439 0.279430 0.274797
0.383415 0.285583 0.278049
0.384390 0.285583 0.281301
0.385366 0.291745 0.284553
0.386341 0.291745 0.287805
0.387317 0.297915 0.291057
0.388293 0.297915 0.294309
0.389268 0.304094 0.297561
0.390244 0.304094 0.300813
0.391220 0.310279 0.304065
0.392195 0.310279 0.307317
0.393171 0.316472 0.310569
0.394146 0.316472 0.313821
0.395122 0.322672 0.317073
0.396098 0.322672 0.320325
0.397073 0.328879 0.323577
0.398049 0.328879 0.326829
0.399024 0.335091 0.330081
0.400000 0.335091 0.333333
0.400976 0.341310 0.336585
0.401951 0.341310 0.339837
0.402927 0.347534 0.343089
0.403902 0.347534 0.346341
0.404878 0.353764 0.349593
0.405854 0.353764 0.352846
0.406829 0.359998 0.356098
0.407805 0.359998 0.359350
0.408780 0.366238 0.362602
0.409756 0.366238 0.365854
0.410732 0.372482 0.369106
0.411707 0.372482 0.372358
0.412683 0.378731 0.375610
0.413659 0.378731 0.378862
0.414634 0.384985 0.382114
0.415610 0.384985 0.385366
0.416585 0.391242 0.388618
0.417561 0.391242 0.391870
0.418537 0.397503 0.395122
0.419512 0.397503 0.398374
0.420488 0.403768 0.401626
0.421463 0.403768 0.404878
0.422439 0.410037 0.408130
0.423415 0.410037 0.411382
0.424390 0.416309 0.414634
0.425366 0.416309 0.417886
0.426341 0.422585 0.421138
0.427317 0.422585 0.424390
0.428293 0.428863 0.427642
0.429268 0.428863 0.430894
0.430244 0.435145 0.434146
0.431220 0.435145 0.437398
0.432195 0.441430 0.440650
0.433171 0.441430 0.443902
0.434146 0.447718 0.447154
0.435122 0.447718 0.450407
0.436098 0.454008 0.453659
0.437073 0.454008 0.456911
0.438049 0.460301 0.460163
0.439024 0.460301 0.463415
0.440000 0.466597 0.466667
0.440976 0.466597 0.469919
0.441951 0.472895 0.473171
0.442927 0.472895 0.476423
0.443902 0.479196 0.479675
0.444878 0.479196 0.482927
0.445854 0.485499 0.486179
0.446829 0.485499 0.489431
0.447805 0.491804 0.492683
0.448780 0.491804 0.495935
0.449756 0.498111 0.499187
0.450732 0.498111 0.502439
0.451707 0.504420 0.505691
0.452683 0.504420 0.508943
0.453659 0.510731 0.512195
0.454634 0.510731 0.515447
0.455610 0.517045 0.518699
0.456585 0.517045 0.521951
0.457561 0.523360 0.525203
0.458537 0.523360 0.528455
0.459512 0.529677 0.531707
0.460488 0.529677 0.534959
0.461463 0.535995 0.538211
0.462439 0.535995 0.541463
0.463415 0.542316 0.544715
0.464390 0.542316 0.547967
0.465366 0.548638 0.551220
0.466341 0.548638 0.554472
0.467317 0.554961 0.557724
0.468293 0.554961 0.560976
0.469268 0.561286 0.564228
0.470244 0.561286 0.567480
0.471220 0.567613 0.570732
0.472195 0.567613 0.573984
0.473171 0.573941 0.577236
0.474146 0.573941 0.580488
0.475122 0.580270 0.583740
0.476098 0.580270 0.586992
0.477073 0.586601 0.590244
0.478049 0.586601 0.593496
0.479024 0.592933 0.596748
0.480000 0.592933 0.600000
0.480976 0.599266 0.603252
0.481951 0.599266 0.606504
0.482927 0.605601 0.609756
0.483902 0.605601 0.613008
0.484878 0.611937 0.616260
0.485854 0.611937 0.619512
0.486829 0.618273 0.622764
0.487805 0.618273 0.626016
0.488780 0.624611 0.629268
0.489756 0.624611 0.632520
0.490732 0.630950 0.635772
0.491707 0.630950 0.639024
0.492683 0.637290 0.642276
0.493659 0.637290 0.645528
0.494634 0.643631 0.648780
0.495610 0.643631 0.652033
0.496585 0.649972 0.655285
0.497561 0.649972 0.658537
0.498537 0.656315 0.661789
0.499512 0.656315 0.665041
0.500488 0.662658 0.668293
0.501463 0.662658 0.671545
0.502439 0.669002 0.674797
0.503415 0.669002 0.678049
0.504390 0.675347 0.681301
0.505366 0.675347 0.684553
0.506341 0.681692 0.687805
0.507317 0.681692 0.691057
0.508293 0.688038 0.694309
0.509268 0.688038 0.697561
0.510244 0.694385 0.700813
0.511220 0.694385 0.704065
0.512195 0.700732 0.707317
0.513171 0.700732 0.710569
0.514146 0.707080 0.713821
0.515122 0.707080 0.717073
0.516098 0.713427 0.720325
0.517073 0.713427 0.723577
0.518049 0.719775 0.726829
0.519024 0.719775 0.730081
0.520000 0.726124 0.733333
0.520976 0.726124 0.736585
0.521951 0.732472 0.739837
0.522927 0.732472 0.743089
0.523902 0.738820 0.746341
0.524878 0.738820 0.749593
0.525854 0.745169 0.752846
0.526829 0.745169 0.756098
0.527805 0.751517 0.759350
0.528780 0.751517 0.762602
0.529756 0.757864 0.765854
0.530732 0.757864 0.769106
0.531707 0.764211 0.772358
0.532683 0.764211 0.775610
0.533659 0.770558 0.778862
0.534634 0.770558 0.782114
0.535610 0.776904 0.785366
0.536585 0.776904 0.788618
0.537561 0.783248 0.791870
0.538537 0.783248 0.795122
0.539512 0.789592 0.798374
0.540488 0.789592 0.801626
0.541463 0.795934 0.804878
0.542439 0.795934 0.808130
0.543415 0.802274 0.811382
0.544390 0.802274 0.814634
0.545366 0.808612 0.817886
0.546341 0.808612 0.821138
0.547317 0.814948 0.824390
0.548293 0.814948 0.827642
0.549268 0.821281 0.830894
0.550244 0.821281 0.834146
0.551220 0.827610 0.837398
0.552195 0.827610 0.840650
0.553171 0.833936 0.843902
0.554146 0.833936 0.847154
0.555122 0.840257 0.850407
0.556098 0.840257 0.853659
0.557073 0.846573 0.856911
0.558049 0.846573 0.860163
0.559024 0.852882 0.863415
0.560000 0.852882 0.866667
0.560976 0.859185 0.869919
0.561951 0.859185 0.873171
0.562927 0.865480 0.876423
0.563902 0.865480 0.879675
0.564878 0.871764 0.882927
0.565854 0.871764 0.886179
0.566829 0.878038 0.889431
0.567805 0.878038 0.892683
0.568780 0.884299 0.895935
0.569756 0.884299 0.899187
0.570732 0.890544 0.902439
0.571707 0.890544 0.905691
0.572683 0.896770 0.908943
0.573659 0.896770 0.912195
0.574634 0.902975 0.915447
0.575610 0.902975 0.918699
0.576585 0.909155 0.921951
0.577561 0.909155 0.925203
0.578537 0.915304 0.928455
0.579512 0.915304 0.931707
0.580488 0.921416 0.934959
0.581463 0.921416 0.938211
0.582439 0.927484 0.941463
0.583415 0.927484 0.944715
0.584390 0.933499 0.947967
0.585366 0.933499 0.951220
0.586341 0.939449 0.954472
0.587317 0.939449 0.957724
0.588293 0.945319 0.960976
0.589268 0.945319 0.964228
0.590244 0.951092 0.967480
0.591220 0.951092 0.970732
0.592195 0.956745 0.973984
0.593171 0.956745 0.977236
0.594146 0.962249 0.980488
0.595122 0.962249 0.983740
0.596098 0.967570 0.986992
0.597073 0.967570 0.990244
0.598049 0.972663 0.993496
0.599024 0.972663 0.996748
0.600000 0.977477 1.000000
0.600976 0.977477 1.000000
0.601951 0.981949 1.000000
0.602927 0.981949 1.000000
0.603902 0.986013 1.000000
0.604878 0.986013 1.000000
0.605854 0.989596 1.000000
0.606829 0.989596 1.000000
0.607805 0.992637 1.000000
0.608780 0.992637 1.000000
0.609756 0.995093 1.000000
0.610732 0.995093 1.000000
0.611707 0.996956 1.000000
0.612683 0.996956 1.000000
0.613659 0.998266 1.000000
0.614634 0.998266 1.000000
0.615610 0.999106 1.000000
0.616585 0.999106 1.000000
0.617561 0.999589 1.000000
0.618537 0.999589 1.000000
0.619512 0.999835 1.000000
0.620488 0.999835 1.000000
0.621463 0.999943 1.000000
0.622439 0.999943 1.000000
0.623415 0.999984 1.000000
0.624390 0.999984 1.000000
0.625366 0.999996 1.000000
0.626341 0.999996 1.000000
0.627317 0.999999 1.000000
0.628293 0.999999 1.000000
0.629268 1.000000 1.000000
0.630244 1.000000 1.000000
0.631220 1.000000 1.000000
0.632195 1.000000 1.000000
0.633171 1.000000 1.000000
0.634146 1.000000 1.000000
0.635122 1.000000 1.000000
0.636098 1.000000 1.000000
0.637073 1.000000 1.000000
0.638049 1.000000 1.000000
0.639024 1.000000 1.000000
0.640000 0.999999 1.000000
0.640976 0.999999 1.000000
0.641951 0.999975 1.000000
0.642927 0.999975 1.000000
0.643902 0.999166 1.000000
0.644878 0.999166 1.000000
0.645854 0.975107 1.000000
0.646829 0.975107 1.000000
0.647805 0.711605 1.000000
0.648780 0.711605 1.000000
0.649756 0.224201 1.000000
0.650732 0.224201 0.000000
0.651707 0.034901 0.000000
0.652683 0.034901 0.000000
0.653659 0.004425 0.000000
0.654634 0.004425 0.000000
0.655610 0.000544 0.000000
0.656585 0.000544 0.000000
0.657561 0.000067 0.000000
0.658537 0.000067 0.000000
0.659512 0.000008 0.000000
0.660488 0.000008 0.000000
0.661463 0.000001 0.000000
0.662439 0.000001 0.000000
0.663415 0.000000 0.000000
0.664390 0.000000 0.000000
0.665366 0.000000 0.000000
0.666341 0.000000 0.000000
0.667317 0.000000 0.000000
0.668293 0.000000 0.000000
0.669268 0.000000 0.000000
0.670244 0.000000 0.000000
0.671220 0.000000 0.000000
0.672195 0.000000 0.000000
0.673171 0.000000 0.000000
0.674146 0.000000 0.000000
0.675122 0.000000 0.000000
0.676098 0.000000 0.000000
0.677073 0.000000 0.000000
0.678049 0.000000 0.000000
0.679024 0.000000 0.000000
0.680000 0.000000 0.000000
0.680976 0.000000 0.000000
0.681951 0.000000 0.000000
0.682927 0.000000 0.000000
0.683902 0.000000 0.000000
0.684878 0.000000 0.000000
0.685854 0.000000 0.000000
0.686829 0.000000 0.000000
0.687805 0.000000 0.000000
0.688780 0.000000 0.000000
0.689756 0.000000 0.000000
0.690732 0.000000 0.000000
0.691707 0.000000 0.000000
0.692683 0.000000 0.000000
0.693659 0.000000 0.000000
0.694634 0.000000 0.000000
0.695610 0.000000 0.000000
0.696585 0.000000 0.000000
0.697561 0.000000 0.000000
0.698537 0.000000 0.000000
0.699512 0.000000 0.000000
0.700488 0.000000 0.000000
0.701463 0.000000 0.000000
0.702439 0.000000 0.000000
0.703415 0.000000 0.000000
0.704390 0.000000 0.000000
0.705366 0.000000 0.000000
0.706341 0.000000 0.000000
0.707317 0.000000 0.000000
0.708293 0.000000 0.000000
0.709268 0.000000 0.000000
0.710244 0.000000 0.000000
0.711220 0.000000 0.000000
0.712195 0.000000 0.000000
0.713171 0.000000 0.000000
0.714146 0.000000 0.000000
0.715122 0.000000 0.000000
0.716098 0.000000 0.000000
0.717073 0.000000 0.000000
0.718049 0.000000 0.000000
0.719024 0.000000 0.000000
0.720000 0.000000 0.000000
0.720976 0.000000 0.000000
0.721951 0.000000 0.000000
0.722927 0.000000 0.000000
0.723902 0.000000 0.000000
0.724878 0.000000 0.000000
0.725854 0.000000 0.000000
0.726829 0.000000 0.000000
0.727805 0.000000 0.000000
0.728780 0.000000 0.000000
0.729756 0.000000 0.000000
0.730732 0.000000 0.000000
0.731707 0.000000 0.000000
0.732683 0.000000 0.000000
0.733659 0.000000 0.000000
0.734634 0.000000 0.000000
0.735610 0.000000 0.000000
0.736585 0.000000 0.000000
0.737561 0.000000 0.000000
0.738537 0.000000 0.000000
0.739512 0.000000 0.000000
0.740488 0.000000 0.000000
0.741463 0.000000 0.000000
0.742439 0.000000 0.000000
0.743415 0.000000 0.000000
0.744390 0.000000 0.000000
0.745366 0.000000 0.000000
0.746341 0.000000 0.000000
0.747317 0.000000 0.000000
0.748293 0.000000 0.000000
0.749268 0.000000 0.000000
0.750244 0.000000 0.000000
0.751220 0.000000 0.000000
0.752195 0.000000 0.000000
0.753171 0.000000 0.000000
0.754146 0.000000 0.000000
0.755122 0.000000 0.000000
0.756098 0.000000 0.000000
0.757073 0.000000 0.000000
0.758049 0.000000 0.000000
0.759024 0.000000 0.000000
0.760000 0.000000 0.000000
0.760976 0.000000 0.000000
0.761951 0.000000 0.000000
0.762927 0.000000 0.000000
0.763902 0.000000 0.000000
0.764878 0.000000 0.000000
0.765854 0.000000 0.000000
0.766829 0.000000 0.000000
0.767805 0.000000 0.000000
0.768780 0.000000 0.000000
0.769756 0.000000 0.000000
0.770732 0.000000 0.000000
0.771707 0.000000 0.000000
0.772683 0.000000 0.000000
0.773659 0.000000 0.000000
0.774634 0.000000 0.000000
0.775610 0.000000 0.000000
0.776585 0.000000 0.000000
0.777561 0.000000 0.000000
0.778537 0.000000 0.000000
0.779512 0.000000 0.000000
0.780488 0.000000 0.000000
0.781463 0.000000 0.000000
0.782439 0.000000 0.000000
0.783415 0.000000 0.000000
0.784390 0.000000 0.000000
0.785366 0.000000 0.000000
0.786341 0.000000 0.000000
0.787317 0.000000 0.000000
0.788293 0.000000 0.000000
0.789268 0.000000 0.000000
0.790244 0.000000 0.000000
0.791220 0.000000 0.000000
0.792195 0.000000 0.000000
0.793171 0.000000 0.000000
0.794146 0.000000 0.000000
0.795122 0.000000 0.000000
0.796098 0.000000 0.000000
0.797073 0.000000 0.000000
0.798049 0.000000 0.000000
0.799024 0.000000 0.000000
0.800000 0.000000 0.000000
0.800976 0.000000 0.000000
0.801951 0.000000 0.000000
0.802927 0.000000 0.000000
0.803902 0.000000 0.000000
0.804878 0.000000 0.000000
0.805854 0.000000 0.000000
0.806829 0.000000 0.000000
0.807805 0.000000 0.000000
0.808780 0.000000 0.000000
0.809756 0.000000 0.000000
0.810732 0.000000 0.000000
0.811707 0.000000 0.000000
0.812683 0.000000 0.000000
0.813659 0.000000 0.000000
0.814634 0.000000 0.000000
0.815610 0.000000 0.000000
0.816585 0.000000 0.000000
0.817561 0.000000 0.000000
0.818537 0.000000 0.000000
0.819512 0.000000 0.000000
0.820488 0.000000 0.000000
0.821463 0.000000 0.000000
0.822439 0.000000 0.000000
0.823415 0.000000 0.000000
0.824390 0.000000 0.000000
0.825366 0.000000 0.000000
0.826341 0.000000 0.000000
0.827317 0.000000 0.000000
0.828293 0.000000 0.000000
0.829268 0.000000 0.000000
0.830244 0.000000 0.000000
0.831220 0.000000 0.000000
0.832195 0.000000 0.000000
0.833171 0.000000 0.000000
0.834146 0.000000 0.000000
0.835122 0.000000 0.000000
0.836098 0.000000 0.000000
0.837073 0.000000 0.000000
0.838049 0.000000 0.000000
0.839024 0.000000 0.000000
0.840000 0.000000 0.000000
0.840976 0.000000 0.000000
0.841951 0.000000 0.000000
0.842927 0.000000 0.000000
0.843902 0.000000 0.000000
0.844878 0.000000 0.000000
0.845854 0.000000 0.000000
0.846829 0.000000 0.000000
0.847805 0.000000 0.000000
0.848780 0.000000 0.000000
0.849756 0.000000 0.000000
0.850732 0.000000 0.000000
0.851707 0.000000 0.000000
0.852683 0.000000 0.000000
0.853659 0.000000 0.000000
0.854634 0.000000 0.000000
0.855610 0.000000 0.000000
0.856585 0.000000 0.000000
0.857561 0.000000 0.000000
0.858537 0.000000 0.000000
0.859512 0.000000 0.000000
0.860488 0.000000 0.000000
0.861463 0.000000 0.000000
0.862439 0.000000 0.000000
0.863415 0.000000 0.000000
0.864390 0.000000 0.000000
0.865366 0.000000 0.000000
0.866341 0.000000 0.000000
0.867317 0.000000 0.000000
0.868293 0.000000 0.000000
0.869268 0.000000 0.000000
0.870244 0.000000 0.000000
0.871220 0.000000 0.000000
0.872195 0.000000 0.000000
0.873171 0.000000 0.000000
0.874146 0.000000 0.000000
0.875122 0.000000 0.000000
0.876098 0.000000 0.000000
0.877073 0.000000 0.000000
0.878049 0.000000 0.000000
0.879024 0.000000 0.000000
0.880000 0.000000 0.000000
0.880976 0.000000 0.000000
0.881951 0.000000 0.000000
0.882927 0.000000 0.000000
0.883902 0.000000 0.000000
0.884878 0.000000 0.000000
0.885854 0.000000 0.000000
0.886829 0.000000 0.000000
0.887805 0.000000 0.000000
0.888780 0.000000 0.000000
0.889756 0.000000 0.000000
0.890732 0.000000 0.000000
0.891707 0.000000 0.000000
0.892683 0.000000 0.000000
0.893659 0.000000 0.000000
0.894634 0.000000 0.000000
0.895610 0.000000 0.000000
0.896585 0.000000 0.000000
0.897561 0.000000 0.000000
0.898537 0.000000 0.000000
0.899512 0.000000 0.000000
0.900488 0.000000 0.000000
0.901463 0.000000 0.000000
0.902439 0.000000 0.000000
0.903415 0.000000 0.000000
0.904390 0.000000 0.000000
0.905366 0.000000 0.000000
0.906341 0.000000 0.000000
0.907317 0.000000 0.000000
0.908293 0.000000 0.000000
0.909268 0.000000 0.000000
0.910244 0.000000 0.000000
0.911220 0.000000 0.000000
0.912195 0.000000 0.000000
0.913171 0.000000 0.000000
0.914146 0.000000 0.000000
0.915122 0.000000 0.000000
0.916098 0.000000 0.000000
0.917073 0.000000 0.000000
0.918049 0.000000 0.000000
0.919024 0.000000 0.000000
0.920000 0.000000 0.000000
0.920976 0.000000 0.000000
0.921951 0.000000 0.000000
0.922927 0.000000 0.000000
0.923902 0.000000 0.000000
0.924878 0.000000 0.000000
0.925854 0.000000 0.000000
0.926829 0.000000 0.000000
0.927805 0.000000 0.000000
0.928780 0.000000 0.000000
0.929756 0.000000 0.000000
0.930732 0.000000 0.000000
0.931707 0.000000 0.000000
0.932683 0.000000 0.000000
0.933659 0.000000 0.000000
0.934634 0.000000 0.000000
0.935610 0.000000 0.000000
0.936585 0.000000 0.000000
0.937561 0.000000 0.000000
0.938537 0.000000 0.000000
0.939512 0.000000 0.000000
0.940488 0.000000 0.000000
0.941463 0.000000 0.000000
0.942439 0.000000 0.000000
0.943415 0.000000 0.000000
0.944390 0.000000 0.000000
0.945366 0.000000 0.000000
0.946341 0.000000 0.000000
0.947317 0.000000 0.000000
0.948293 0.000000 0.000000
0.949268 0.000000 0.000000
0.950244 0.000000 0.000000
0.951220 0.000000 0.000000
0.952195 0.000000 0.000000
0.953171 0.000000 0.000000
0.954146 0.000000 0.000000
0.955122 0.000000 0.000000
0.956098 0.000000 0.000000
0.957073 0.000000 0.000000
0.958049 0.000000 0.000000
0.959024 0.000000 0.000000
0.960000 0.000000 0.000000
0.960976 0.000000 0.000000
0.961951 0.000000 0.000000
0.962927 0.000000 0.000000
0.963902 0.000000 0.000000
0.964878 0.000000 0.000000
0.965854 0.000000 0.000000
0.966829 0.000000 0.000000
0.967805 0.000000 0.000000
0.968780 0.000000 0.000000
0.969756 0.000000 0.000000
0.970732 0.000000 0.000000
0.971707 0.000000 0.000000
0.972683 0.000000 0.000000
0.973659 0.000000 0.000000
0.974634 0.000000 0.000000
0.975610 0.000000 0.000000
0.976585 0.000000 0.000000
0.977561 0.000000 0.000000
0.978537 0.000000 0.000000
0.979512 0.000000 0.000000
0.980488 0.000000 0.000000
0.981463 0.000000 0.000000
0.982439 0.000000 0.000000
0.983415 0.000000 0.000000
0.984390 0.000000 0.000000
0.985366 0.000000 0.000000
0.986341 0.000000 0.000000
0.987317 0.000000 0.000000
0.988293 0.000000 0.000000
0.989268 0.000000 0.000000
0.990244 0.000000 0.000000
0.991220 0.000000 0.000000
0.992195 0.000000 0.000000
0.993171 0.000000 0.000000
0.994146 0.000000 0.000000
0.995122 0.000000 0.000000
0.996098 0.000000 0.000000
0.997073 0.000000 0.000000
0.998049 0.000000 0.000000
