0.000000 0.000000 0.000000
0.007752 0.000000 0.000000
0.015504 0.000000 0.000000
0.023256 0.000000 0.000000
0.031008 0.000000 0.000000
0.038760 0.000000 0.000000
0.046512 0.000000 0.000000
0.054264 0.000000 0.000000
0.062016 0.000000 0.000000
0.069767 0.000000 0.000000
0.077519 0.000000 0.000000
0.085271 0.000000 0.000000
0.093023 0.000000 0.000000
0.100775 0.000000 0.000000
0.108527 0.000000 0.000000
0.116279 0.000000 0.000000
0.124031 0.000000 0.000000
0.131783 0.000000 0.000000
0.139535 0.000000 0.000000
0.147287 0.000000 0.000000
0.155039 0.000000 0.000000
0.162791 0.000000 0.000000
0.170543 0.000000 0.000000
0.178295 0.000000 0.000000
0.186047 0.000000 0.000000
0.193798 0.000000 0.000000
0.201550 0.000000 0.000000
0.209302 0.000000 0.000000
0.217054 0.000000 0.000000
0.224806 0.000000 0.000000
0.232558 0.000000 0.000000
0.240310 0.000000 0.000000
0.248062 0.000000 0.000000
0.255814 0.000000 0.000000
0.263566 0.000000 0.000000
0.271318 0.000000 0.000000
0.279070 0.000000 0.000000
0.286822 0.000000 0.000000
0.294574 0.000000 0.000000
0.302326 0.000000 0.023256
0.310078 0.000000 0.100775
0.317829 0.000000 0.178295
0.325581 0.000000 0.255814
0.333333 0.000000 0.333333
0.341085 0.000000 0.410853
0.348837 0.000003 0.488372
0.356589 0.000034 0.565891
0.364341 0.000311 0.643411
0.372093 0.002250 0.720930
0.379845 0.012720 0.798450
0.387597 0.055556 0.875969
0.395349 0.184061 0.953488
0.403101 0.450957 1.000000
0.410853 0.794109 1.000000
0.418605 1.000000 1.000000
0.426357 1.000000 1.000000
0.434109 1.000000 1.000000
0.441860 1.000000 1.000000
0.449612 1.000000 1.000000
0.457364 1.000000 1.000000
0.465116 1.000000 1.000000
0.472868 1.000000 1.000000
0.480620 1.000000 1.000000
0.488372 1.000000 1.000000
0.496124 1.000000 1.000000
0.503876 1.000000 1.000000
0.511628 1.000000 1.000000
0.519380 1.000000 1.000000
0.527132 1.000000 1.000000
0.534884 1.000000 1.000000
0.542636 1.000000 1.000000
0.550388 1.000000 1.000000
0.558140 1.000000 1.000000
0.565891 1.000000 1.000000
0.573643 1.000000 1.000000
0.581395 1.000000 1.000000
0.589147 1.000000 1.000000
0.596899 1.000000 1.000000
0.604651 1.000000 1.000000
0.612403 1.000000 1.000000
0.620155 1.000000 1.000000
0.627907 1.000000 1.000000
0.635659 1.000000 1.000000
0.643411 1.000000 1.000000
0.651163 1.000000 1.000000
0.658915 1.000000 1.000000
0.666667 1.000000 1.000000
0.674419 1.000000 1.000000
0.682171 1.000000 1.000000
0.689922 1.000000 1.000000
0.697674 1.000000 1.000000
0.705426 1.000000 1.000000
0.713178 1.000000 1.000000
0.720930 1.000000 1.000000
0.728682 1.000000 1.000000
0.736434 1.000000 1.000000
0.744186 1.000000 1.000000
0.751938 1.000000 1.000000
0.759690 1.000000 1.000000
0.767442 1.000000 1.000000
0.775194 1.000000 1.000000
0.782946 1.000000 1.000000
0.790698 1.000000 1.000000
0.798450 1.000000 1.000000
0.806202 1.000000 1.000000
0.813953 1.000000 1.000000
0.821705 1.000000 1.000000
0.829457 1.000000 1.000000
0.837209 1.000000 1.000000
0.844961 1.000000 1.000000
0.852713 1.000000 1.000000
0.860465 1.000000 1.000000
0.868217 1.000000 1.000000
0.875969 1.000000 1.000000
0.883721 1.000000 1.000000
0.891473 1.000000 1.000000
0.899225 1.000000 1.000000
0.906977 1.000000 1.000000
0.914729 1.000000 1.000000
0.922481 1.000000 1.000000
0.930233 1.000000 1.000000
0.937984 1.000000 1.000000
0.945736 1.000000 1.000000
0.953488 1.000000 1.000000
0.961240 1.000000 1.000000
0.968992 1.000000 1.000000
0.976744 1.000000 1.000000
0.984496 1.000000 1.000000
