0.000000 0.000000 0.000000 0.000000
0.000488 0.000000 0.000000 0.000000
0.000976 0.000000 0.000000 0.000000
0.001464 0.000000 0.000000 0.000000
0.001952 0.000000 0.000000 0.000000
0.002440 0.000000 0.000000 0.000000
0.002928 0.000000 0.000000 0.000000
0.003416 0.000000 0.000000 0.000000
0.003904 0.000000 0.000000 0.000000
0.004392 0.000000 0.000000 0.000000
0.004880 0.000000 0.000000 0.000000
0.005368 0.000000 0.000000 0.000000
0.005857 0.000000 0.000000 0.000000
0.006345 0.000000 0.000000 0.000000
0.006833 0.000000 0.000000 0.000000
0.007321 0.000000 0.000000 0.000000
0.007809 0.000000 0.000000 0.000000
0.008297 0.000000 0.000000 0.000000
0.008785 0.000000 0.000000 0.000000
0.009273 0.000000 0.000000 0.000000
0.009761 0.000000 0.000000 0.000000
0.010249 0.000000 0.000000 0.000000
0.010737 0.000000 0.000000 0.000000
0.011225 0.000000 0.000000 0.000000
0.011713 0.000000 0.000000 0.000000
0.012201 0.000000 0.000000 0.000000
0.012689 0.000000 0.000000 0.000000
0.013177 0.000000 0.000000 0.000000
0.013665 0.000000 0.000000 0.000000
0.014153 0.000000 0.000000 0.000000
0.014641 0.000000 0.000000 0.000000
0.015129 0.000000 0.000000 0.000000
0.015617 0.000000 0.000000 0.000000
0.016105 0.000000 0.000000 0.000000
0.016593 0.000000 0.000000 0.000000
0.017082 0.000000 0.000000 0.000000
0.017570 0.000000 0.000000 0.000000
0.018058 0.000000 0.000000 0.000000
0.018546 0.000000 0.000000 0.000000
0.019034 0.000000 0.000000 0.000000
0.019522 0.000000 0.000000 0.000000
0.020010 0.000000 0.000000 0.000000
0.020498 0.000000 0.000000 0.000000
0.020986 0.000000 0.000000 0.000000
0.021474 0.000000 0.000000 0.000000
0.021962 0.000000 0.000000 0.000000
0.022450 0.000000 0.000000 0.000000
0.022938 0.000000 0.000000 0.000000
0.023426 0.000000 0.000000 0.000000
0.023914 0.000000 0.000000 0.000000
0.024402 0.000000 0.000000 0.000000
0.024890 0.000000 0.000000 0.000000
0.025378 0.000000 0.000000 0.000000
0.025866 0.000000 0.000000 0.000000
0.026354 0.000000 0.000000 0.000000
0.026842 0.000000 0.000000 0.000000
0.027330 0.000000 0.000000 0.000000
0.027818 0.000000 0.000000 0.000000
0.028306 0.000000 0.000000 0.000000
0.028795 0.000000 0.000000 0.000000
0.029283 0.000000 0.000000 0.000000
0.029771 0.000000 0.000000 0.000000
0.030259 0.000000 0.000000 0.000000
0.030747 0.000000 0.000000 0.000000
0.031235 0.000000 0.000000 0.000000
0.031723 0.000000 0.000000 0.000000
0.032211 0.000000 0.000000 0.000000
0.032699 0.000000 0.000000 0.000000
0.033187 0.000000 0.000000 0.000000
0.033675 0.000000 0.000000 0.000000
0.034163 0.000000 0.000000 0.000000
0.034651 0.000000 0.000000 0.000000
0.035139 0.000000 0.000000 0.000000
0.035627 0.000000 0.000000 0.000000
0.036115 0.000000 0.000000 0.000000
0.036603 0.000000 0.000000 0.000000
0.037091 0.000000 0.000000 0.000000
0.037579 0.000000 0.000000 0.000000
0.038067 0.000000 0.000000 0.000000
0.038555 0.000000 0.000000 0.000000
0.039043 0.000000 0.000000 0.000000
0.039531 0.000000 0.000000 0.000000
0.040020 0.000000 0.000000 0.000000
0.040508 0.000000 0.000000 0.000000
0.040996 0.000000 0.000000 0.000000
0.041484 0.000000 0.000000 0.000000
0.041972 0.000000 0.000000 0.000000
0.042460 0.000000 0.000000 0.000000
0.042948 0.000000 0.000000 0.000000
0.043436 0.000000 0.000000 0.000000
0.043924 0.000000 0.000000 0.000000
0.044412 0.000000 0.000000 0.000000
0.044900 0.000000 0.000000 0.000000
0.045388 0.000000 0.000000 0.000000
0.045876 0.000000 0.000000 0.000000
0.046364 0.000000 0.000000 0.000000
0.046852 0.000000 0.000000 0.000000
0.047340 0.000000 0.000000 0.000000
0.047828 0.000000 0.000000 0.000000
0.048316 0.000000 0.000000 0.000000
0.048804 0.000000 0.000000 0.000000
0.049292 0.000000 0.000000 0.000000
0.049780 0.000000 0.000000 0.000000
0.050268 0.000000 0.000000 0.000000
0.050756 0.000000 0.000000 0.000000
0.051245 0.000000 0.000000 0.000000
0.051733 0.000000 0.000000 0.000000
0.052221 0.000000 0.000000 0.000000
0.052709 0.000000 0.000000 0.000000
0.053197 0.000000 0.000000 0.000000
0.053685 0.000000 0.000000 0.000000
0.054173 0.000000 0.000000 0.000000
0.054661 0.000000 0.000000 0.000000
0.055149 0.000000 0.000000 0.000000
0.055637 0.000000 0.000000 0.000000
0.056125 0.000000 0.000000 0.000000
0.056613 0.000000 0.000000 0.000000
0.057101 0.000000 0.000000 0.000000
0.057589 0.000000 0.000000 0.000000
0.058077 0.000000 0.000000 0.000000
0.058565 0.000000 0.000000 0.000000
0.059053 0.000000 0.000000 0.000000
0.059541 0.000000 0.000000 0.000000
0.060029 0.000000 0.000000 0.000000
0.060517 0.000000 0.000000 0.000000
0.061005 0.000000 0.000000 0.000000
0.061493 0.000000 0.000000 0.000000
0.061981 0.000000 0.000000 0.000000
0.062469 0.000000 0.000000 0.000000
0.062958 0.000000 0.000000 0.000000
0.063446 0.000000 0.000000 0.000000
0.063934 0.000000 0.000000 0.000000
0.064422 0.000000 0.000000 0.000000
0.064910 0.000000 0.000000 0.000000
0.065398 0.000000 0.000000 0.000000
0.065886 0.000000 0.000000 0.000000
0.066374 0.000000 0.000000 0.000000
0.066862 0.000000 0.000000 0.000000
0.067350 0.000000 0.000000 0.000000
0.067838 0.000000 0.000000 0.000000
0.068326 0.000000 0.000000 0.000000
0.068814 0.000000 0.000000 0.000000
0.069302 0.000000 0.000000 0.000000
0.069790 0.000000 0.000000 0.000000
0.070278 0.000000 0.000000 0.000000
0.070766 0.000000 0.000000 0.000000
0.071254 0.000000 0.000000 0.000000
0.071742 0.000000 0.000000 0.000000
0.072230 0.000000 0.000000 0.000000
0.072718 0.000000 0.000000 0.000000
0.073206 0.000000 0.000000 0.000000
0.073694 0.000000 0.000000 0.000000
0.074183 0.000000 0.000000 0.000000
0.074671 0.000000 0.000000 0.000000
0.075159 0.000000 0.000000 0.000000
0.075647 0.000000 0.000000 0.000000
0.076135 0.000000 0.000000 0.000000
0.076623 0.000000 0.000000 0.000000
0.077111 0.000000 0.000000 0.000000
0.077599 0.000000 0.000000 0.000000
0.078087 0.000000 0.000000 0.000000
0.078575 0.000000 0.000000 0.000000
0.079063 0.000000 0.000000 0.000000
0.079551 0.000000 0.000000 0.000000
0.080039 0.000000 0.000000 0.000000
0.080527 0.000000 0.000000 0.000000
0.081015 0.000000 0.000000 0.000000
0.081503 0.000000 0.000000 0.000000
0.081991 0.000000 0.000000 0.000000
0.082479 0.000000 0.000000 0.000000
0.082967 0.000000 0.000000 0.000000
0.083455 0.000000 0.000000 0.000000
0.083943 0.000000 0.000000 0.000000
0.084431 0.000000 0.000000 0.000000
0.084919 0.000000 0.000000 0.000000
0.085408 0.000000 0.000000 0.000000
0.085896 0.000000 0.000000 0.000000
0.086384 0.000000 0.000000 0.000000
0.086872 0.000000 0.000000 0.000000
0.087360 0.000000 0.000000 0.000000
0.087848 0.000000 0.000000 0.000000
0.088336 0.000000 0.000000 0.000000
0.088824 0.000000 0.000000 0.000000
0.089312 0.000000 0.000000 0.000000
0.089800 0.000000 0.000000 0.000000
0.090288 0.000000 0.000000 0.000000
0.090776 0.000000 0.000000 0.000000
0.091264 0.000000 0.000000 0.000000
0.091752 0.000000 0.000000 0.000000
0.092240 0.000000 0.000000 0.000000
0.092728 0.000000 0.000000 0.000000
0.093216 0.000000 0.000000 0.000000
0.093704 0.000000 0.000000 0.000000
0.094192 0.000000 0.000000 0.000000
0.094680 0.000000 0.000000 0.000000
0.095168 0.000000 0.000000 0.000000
0.095656 0.000000 0.000000 0.000000
0.096144 0.000000 0.000000 0.000000
0.096633 0.000000 0.000000 0.000000
0.097121 0.000000 0.000000 0.000000
0.097609 0.000000 0.000000 0.000000
0.098097 0.000000 0.000000 0.000000
0.098585 0.000000 0.000000 0.000000
0.099073 0.000000 0.000000 0.000000
0.099561 0.000000 0.000000 0.000000
0.100049 0.000000 0.000000 0.000000
0.100537 0.000000 0.000000 0.000000
0.101025 0.000000 0.000000 0.000000
0.101513 0.000000 0.000000 0.000000
0.102001 0.000000 0.000000 0.000000
0.102489 0.000000 0.000000 0.000000
0.102977 0.000000 0.000000 0.000000
0.103465 0.000000 0.000000 0.000000
0.103953 0.000000 0.000000 0.000000
0.104441 0.000000 0.000000 0.000000
0.104929 0.000000 0.000000 0.000000
0.105417 0.000000 0.000000 0.000000
0.105905 0.000000 0.000000 0.000000
0.106393 0.000000 0.000000 0.000000
0.106881 0.000000 0.000000 0.000000
0.107369 0.000000 0.000000 0.000000
0.107857 0.000000 0.000000 0.000000
0.108346 0.000000 0.000000 0.000000
0.108834 0.000000 0.000000 0.000000
0.109322 0.000000 0.000000 0.000000
0.109810 0.000000 0.000000 0.000000
0.110298 0.000000 0.000000 0.000000
0.110786 0.000000 0.000000 0.000000
0.111274 0.000000 0.000000 0.000000
0.111762 0.000000 0.000000 0.000000
0.112250 0.000000 0.000000 0.000000
0.112738 0.000000 0.000000 0.000000
0.113226 0.000000 0.000000 0.000000
0.113714 0.000000 0.000000 0.000000
0.114202 0.000000 0.000000 0.000000
0.114690 0.000000 0.000000 0.000000
0.115178 0.000000 0.000000 0.000000
0.115666 0.000000 0.000000 0.000000
0.116154 0.000000 0.000000 0.000000
0.116642 0.000000 0.000000 0.000000
0.117130 0.000000 0.000000 0.000000
0.117618 0.000000 0.000000 0.000000
0.118106 0.000000 0.000000 0.000000
0.118594 0.000000 0.000000 0.000000
0.119082 0.000000 0.000000 0.000000
0.119571 0.000000 0.000000 0.000000
0.120059 0.000000 0.000000 0.000000
0.120547 0.000000 0.000000 0.000000
0.121035 0.000000 0.000000 0.000000
0.121523 0.000000 0.000000 0.000000
0.122011 0.000000 0.000000 0.000000
0.122499 0.000000 0.000000 0.000000
0.122987 0.000000 0.000000 0.000000
0.123475 0.000000 0.000000 0.000000
0.123963 0.000000 0.000000 0.000000
0.124451 0.000000 0.000000 0.000000
0.124939 0.000000 0.000000 0.000000
0.125427 0.000000 0.000000 0.000000
0.125915 0.000000 0.000000 0.000000
0.126403 0.000000 0.000000 0.000000
0.126891 0.000000 0.000000 0.000000
0.127379 0.000000 0.000000 0.000000
0.127867 0.000000 0.000000 0.000000
0.128355 0.000000 0.000000 0.000000
0.128843 0.000000 0.000000 0.000000
0.129331 0.000000 0.000000 0.000000
0.129819 0.000000 0.000000 0.000000
0.130307 0.000000 0.000000 0.000000
0.130796 0.000000 0.000000 0.000000
0.131284 0.000000 0.000000 0.000000
0.131772 0.000000 0.000000 0.000000
0.132260 0.000000 0.000000 0.000000
0.132748 0.000000 0.000000 0.000000
0.133236 0.000000 0.000000 0.000000
0.133724 0.000000 0.000000 0.000000
0.134212 0.000000 0.000000 0.000000
0.134700 0.000000 0.000000 0.000000
0.135188 0.000000 0.000000 0.000000
0.135676 0.000000 0.000000 0.000000
0.136164 0.000000 0.000000 0.000000
0.136652 0.000000 0.000000 0.000000
0.137140 0.000000 0.000000 0.000000
0.137628 0.000000 0.000000 0.000000
0.138116 0.000000 0.000000 0.000000
0.138604 0.000000 0.000000 0.000000
0.139092 0.000000 0.000000 0.000000
0.139580 0.000000 0.000000 0.000000
0.140068 0.000000 0.000000 0.000000
0.140556 0.000000 0.000000 0.000000
0.141044 0.000000 0.000000 0.000000
0.141532 0.000000 0.000000 0.000000
0.142020 0.000000 0.000000 0.000000
0.142509 0.000000 0.000000 0.000000
0.142997 0.000000 0.000000 0.000000
0.143485 0.000000 0.000000 0.000000
0.143973 0.000000 0.000000 0.000000
0.144461 0.000000 0.000000 0.000000
0.144949 0.000000 0.000000 0.000000
0.145437 0.000000 0.000000 0.000000
0.145925 0.000000 0.000000 0.000000
0.146413 0.000000 0.000000 0.000000
0.146901 0.000000 0.000000 0.000000
0.147389 0.000000 0.000000 0.000000
0.147877 0.000000 0.000000 0.000000
0.148365 0.000000 0.000000 0.000000
0.148853 0.000000 0.000000 0.000000
0.149341 0.000000 0.000000 0.000000
0.149829 0.000000 0.000000 0.000000
0.150317 0.000000 0.000000 0.000000
0.150805 0.000000 0.000000 0.000000
0.151293 0.000000 0.000000 0.000000
0.151781 0.000000 0.000000 0.000000
0.152269 0.000000 0.000000 0.000000
0.152757 0.000000 0.000000 0.000000
0.153245 0.000000 0.000000 0.000000
0.153734 0.000000 0.000000 0.000000
0.154222 0.000000 0.000000 0.000000
0.154710 0.000000 0.000000 0.000000
0.155198 0.000000 0.000000 0.000000
0.155686 0.000000 0.000000 0.000000
0.156174 0.000000 0.000000 0.000000
0.156662 0.000000 0.000000 0.000000
0.157150 0.000000 0.000000 0.000000
0.157638 0.000000 0.000000 0.000000
0.158126 0.000000 0.000000 0.000000
0.158614 0.000000 0.000000 0.000000
0.159102 0.000000 0.000000 0.000000
0.159590 0.000000 0.000000 0.000000
0.160078 0.000000 0.000000 0.000000
0.160566 0.000000 0.000000 0.000000
0.161054 0.000000 0.000000 0.000000
0.161542 0.000000 0.000000 0.000000
0.162030 0.000000 0.000000 0.000000
0.162518 0.000000 0.000000 0.000000
0.163006 0.000000 0.000000 0.000000
0.163494 0.000000 0.000000 0.000000
0.163982 0.000000 0.000000 0.000000
0.164470 0.000000 0.000000 0.000000
0.164959 0.000000 0.000000 0.000000
0.165447 0.000000 0.000000 0.000000
0.165935 0.000000 0.000000 0.000000
0.166423 0.000000 0.000000 0.000000
0.166911 0.000000 0.000000 0.000000
0.167399 0.000000 0.000000 0.000000
0.167887 0.000000 0.000000 0.000000
0.168375 0.000000 0.000000 0.000000
0.168863 0.000000 0.000000 0.000000
0.169351 0.000000 0.000000 0.000000
0.169839 0.000000 0.000000 0.000000
0.170327 0.000000 0.000000 0.000000
0.170815 0.000000 0.000000 0.000000
0.171303 0.000000 0.000000 0.000000
0.171791 0.000000 0.000000 0.000000
0.172279 0.000000 0.000000 0.000000
0.172767 0.000000 0.000000 0.000000
0.173255 0.000000 0.000000 0.000000
0.173743 0.000000 0.000000 0.000000
0.174231 0.000000 0.000000 0.000000
0.174719 0.000000 0.000000 0.000000
0.175207 0.000000 0.000000 0.000000
0.175695 0.000000 0.000000 0.000000
0.176184 0.000000 0.000000 0.000000
0.176672 0.000000 0.000000 0.000000
0.177160 0.000000 0.000000 0.000000
0.177648 0.000000 0.000000 0.000000
0.178136 0.000000 0.000000 0.000000
0.178624 0.000000 0.000000 0.000000
0.179112 0.000000 0.000000 0.000000
0.179600 0.000000 0.000000 0.000000
0.180088 0.000000 0.000000 0.000000
0.180576 0.000000 0.000000 0.000000
0.181064 0.000000 0.000000 0.000000
0.181552 0.000000 0.000000 0.000000
0.182040 0.000000 0.000000 0.000000
0.182528 0.000000 0.000000 0.000000
0.183016 0.000000 0.000000 0.000000
0.183504 0.000000 0.000000 0.000000
0.183992 0.000000 0.000000 0.000000
0.184480 0.000000 0.000000 0.000000
0.184968 0.000000 0.000000 0.000000
0.185456 0.000000 0.000000 0.000000
0.185944 0.000000 0.000000 0.000000
0.186432 0.000000 0.000000 0.000000
0.186920 0.000000 0.000000 0.000000
0.187408 0.000000 0.000000 0.000000
0.187897 0.000000 0.000000 0.000000
0.188385 0.000000 0.000000 0.000000
0.188873 0.000000 0.000000 0.000000
0.189361 0.000000 0.000000 0.000000
0.189849 0.000000 0.000000 0.000000
0.190337 0.000000 0.000000 0.000000
0.190825 0.000000 0.000000 0.000000
0.191313 0.000000 0.000000 0.000000
0.191801 0.000000 0.000000 0.000000
0.192289 0.000000 0.000000 0.000000
0.192777 0.000000 0.000000 0.000000
0.193265 0.000000 0.000000 0.000000
0.193753 0.000000 0.000000 0.000000
0.194241 0.000000 0.000000 0.000000
0.194729 0.000000 0.000000 0.000000
0.195217 0.000000 0.000000 0.000000
0.195705 0.000000 0.000000 0.000000
0.196193 0.000000 0.000000 0.000000
0.196681 0.000000 0.000000 0.000000
0.197169 0.000000 0.000000 0.000000
0.197657 0.000000 0.000000 0.000000
0.198145 0.000000 0.000000 0.000000
0.198633 0.000000 0.000000 0.000000
0.199122 0.000000 0.000000 0.000000
0.199610 0.000000 0.000000 0.000000
0.200098 0.000000 0.000000 0.000000
0.200586 0.000000 0.000000 0.000000
0.201074 0.000000 0.000000 0.000000
0.201562 0.000000 0.000000 0.000000
0.202050 0.000000 0.000000 0.000000
0.202538 0.000000 0.000000 0.000000
0.203026 0.000000 0.000000 0.000000
0.203514 0.000000 0.000000 0.000000
0.204002 0.000000 0.000000 0.000000
0.204490 0.000000 0.000000 0.000000
0.204978 0.000000 0.000000 0.000000
0.205466 0.000000 0.000000 0.000000
0.205954 0.000000 0.000000 0.000000
0.206442 0.000000 0.000000 0.000000
0.206930 0.000000 0.000000 0.000000
0.207418 0.000000 0.000000 0.000000
0.207906 0.000000 0.000000 0.000000
0.208394 0.000000 0.000000 0.000000
0.208882 0.000000 0.000000 0.000000
0.209370 0.000000 0.000000 0.000000
0.209858 0.000000 0.000000 0.000000
0.210347 0.000000 0.000000 0.000000
0.210835 -0.000000 0.000000 0.000000
0.211323 -0.000000 0.000000 0.000000
0.211811 -0.000000 0.000000 0.000000
0.212299 -0.000000 0.000000 0.000000
0.212787 -0.000000 0.000000 0.000000
0.213275 -0.000000 0.000000 0.000000
0.213763 -0.000000 0.000000 0.000000
0.214251 -0.000000 0.000000 0.000000
0.214739 -0.000000 0.000000 0.000000
0.215227 -0.000000 0.000000 0.000000
0.215715 -0.000000 0.000000 0.000000
0.216203 -0.000000 0.000000 0.000000
0.216691 -0.000000 0.000000 0.000000
0.217179 -0.000000 0.000000 0.000000
0.217667 -0.000000 0.000000 0.000000
0.218155 -0.000000 0.000000 0.000000
0.218643 -0.000000 0.000000 0.000000
0.219131 -0.000000 0.000000 0.000000
0.219619 -0.000000 0.000000 0.000000
0.220107 -0.000000 0.000000 0.000000
0.220595 -0.000000 0.000000 0.000000
0.221083 -0.000000 0.000000 0.000000
0.221571 -0.000000 0.000000 0.000000
0.222060 -0.000000 0.000000 0.000000
0.222548 -0.000000 0.000000 0.000000
0.223036 -0.000000 0.000000 0.000000
0.223524 -0.000000 0.000000 0.000000
0.224012 -0.000000 0.000000 0.000000
0.224500 -0.000000 0.000000 0.000000
0.224988 -0.000000 0.000000 0.000000
0.225476 -0.000000 0.000000 0.000000
0.225964 -0.000000 0.000000 0.000000
0.226452 -0.000000 0.000000 0.000000
0.226940 -0.000000 0.000000 0.000000
0.227428 -0.000000 0.000000 0.000000
0.227916 -0.000000 0.000000 0.000000
0.228404 -0.000000 0.000000 0.000000
0.228892 -0.000000 0.000000 0.000000
0.229380 -0.000000 0.000000 0.000000
0.229868 -0.000000 0.000000 0.000000
0.230356 -0.000000 0.000000 0.000000
0.230844 -0.000000 0.000000 0.000000
0.231332 -0.000000 0.000000 0.000000
0.231820 -0.000000 0.000000 0.000000
0.232308 -0.000000 0.000000 0.000000
0.232796 -0.000000 0.000000 0.000000
0.233285 -0.000000 0.000000 0.000000
0.233773 -0.000000 0.000000 0.000000
0.234261 -0.000000 0.000000 0.000000
0.234749 -0.000000 0.000000 0.000000
0.235237 -0.000000 0.000000 0.000000
0.235725 -0.000000 0.000000 0.000000
0.236213 -0.000000 0.000000 0.000000
0.236701 -0.000000 0.000000 0.000000
0.237189 -0.000000 0.000000 0.000000
0.237677 -0.000000 0.000000 0.000000
0.238165 -0.000000 0.000000 0.000000
0.238653 -0.000000 0.000000 0.000000
0.239141 -0.000000 0.000000 0.000000
0.239629 -0.000000 0.000000 0.000000
0.240117 -0.000000 0.000000 0.000000
0.240605 -0.000000 0.000000 0.000000
0.241093 -0.000000 0.000000 0.000000
0.241581 -0.000000 0.000000 0.000000
0.242069 -0.000000 0.000000 0.000000
0.242557 -0.000000 0.000000 0.000000
0.243045 -0.000000 0.000000 0.000000
0.243533 -0.000000 0.000000 0.000000
0.244021 -0.000000 0.000000 0.000000
0.244510 -0.000000 0.000000 0.000000
0.244998 -0.000000 0.000000 0.000000
0.245486 -0.000000 0.000000 0.000000
0.245974 -0.000000 0.000000 0.000000
0.246462 -0.000000 0.000000 0.000000
0.246950 -0.000000 0.000000 0.000000
0.247438 -0.000000 0.000000 0.000000
0.247926 -0.000000 0.000000 0.000000
0.248414 -0.000000 0.000000 0.000000
0.248902 -0.000000 0.000000 0.000000
0.249390 -0.000000 0.000000 0.000000
0.249878 -0.000000 0.000000 0.000000
0.250366 -0.000000 0.000000 0.000000
0.250854 -0.000000 0.000000 0.000000
0.251342 -0.000000 0.000000 0.000000
0.251830 -0.000000 0.000000 0.000000
0.252318 -0.000000 0.000000 0.000000
0.252806 -0.000000 0.000000 0.000000
0.253294 -0.000000 0.000000 0.000000
0.253782 -0.000000 0.000000 0.000000
0.254270 -0.000000 0.000000 0.000000
0.254758 -0.000000 0.000000 0.000000
0.255246 -0.000000 0.000000 0.000000
0.255735 -0.000000 0.000000 0.000000
0.256223 -0.000000 0.000000 0.000000
0.256711 -0.000000 0.000000 0.000000
0.257199 -0.000000 0.000000 0.000000
0.257687 -0.000000 0.000000 0.000000
0.258175 -0.000000 0.000000 0.000000
0.258663 -0.000000 0.000000 0.000000
0.259151 -0.000000 0.000000 0.000000
0.259639 -0.000000 0.000000 0.000000
0.260127 -0.000000 0.000000 0.000000
0.260615 -0.000000 0.000000 0.000000
0.261103 -0.000000 0.000000 0.000000
0.261591 -0.000000 0.000000 0.000000
0.262079 -0.000000 0.000000 0.000000
0.262567 -0.000000 0.000000 0.000000
0.263055 -0.000000 0.000000 0.000000
0.263543 -0.000000 0.000000 0.000000
0.264031 -0.000000 0.000000 0.000000
0.264519 -0.000000 0.000000 0.000000
0.265007 -0.000000 0.000000 0.000000
0.265495 -0.000000 0.000000 0.000000
0.265983 -0.000000 0.000000 0.000000
0.266471 -0.000000 0.000000 0.000000
0.266959 -0.000000 0.000000 0.000000
0.267448 -0.000000 0.000000 0.000000
0.267936 -0.000000 0.000000 0.000000
0.268424 -0.000000 0.000000 0.000000
0.268912 -0.000000 0.000000 0.000000
0.269400 -0.000000 0.000000 0.000000
0.269888 -0.000000 0.000000 0.000000
0.270376 -0.000000 0.000000 0.000000
0.270864 -0.000000 0.000000 0.000000
0.271352 -0.000000 0.000000 0.000000
0.271840 -0.000000 0.000000 0.000000
0.272328 -0.000000 0.000000 0.000000
0.272816 -0.000000 0.000000 0.000000
0.273304 -0.000000 0.000000 0.000000
0.273792 -0.000000 0.000000 0.000000
0.274280 0.000000 0.000000 0.000000
0.274768 0.000001 0.000000 0.000001
0.275256 0.000001 0.000000 0.000001
0.275744 0.000003 0.000000 0.000003
0.276232 0.000005 0.000000 0.000005
0.276720 0.000007 0.000000 0.000007
0.277208 0.000012 0.000000 0.000012
0.277696 0.000017 0.000000 0.000017
0.278184 0.000026 0.000000 0.000026
0.278673 0.000036 0.000000 0.000036
0.279161 0.000052 0.000000 0.000052
0.279649 0.000070 0.000000 0.000070
0.280137 0.000099 0.000000 0.000099
0.280625 0.000129 0.000000 0.000129
0.281113 0.000177 0.000000 0.000177
0.281601 0.000228 0.000000 0.000228
0.282089 0.000304 0.000000 0.000304
0.282577 0.000384 0.000000 0.000384
0.283065 0.000502 0.000000 0.000502
0.283553 0.000626 0.000000 0.000626
0.284041 0.000802 0.000000 0.000802
0.284529 0.000985 0.000000 0.000985
0.285017 0.001239 0.000000 0.001239
0.285505 0.001503 0.000000 0.001503
0.285993 0.001859 0.000000 0.001859
0.286481 0.002227 0.000000 0.002227
0.286969 0.002711 0.000000 0.002711
0.287457 0.003210 0.000000 0.003210
0.287945 0.003850 0.000000 0.003850
0.288433 0.004509 0.000000 0.004509
0.288921 0.005332 0.000000 0.005332
0.289409 0.006179 0.000000 0.006179
0.289898 0.007211 0.000000 0.007211
0.290386 0.008274 0.000000 0.008274
0.290874 0.009536 0.000000 0.009536
0.291362 0.010840 0.000000 0.010840
0.291850 0.012351 0.000000 0.012351
0.292338 0.013915 0.000000 0.013915
0.292826 0.015685 0.000000 0.015685
0.293314 0.017527 0.000000 0.017527
0.293802 0.019562 0.000000 0.019562
0.294290 0.021692 0.000000 0.021692
0.294778 0.023990 0.000000 0.023990
0.295266 0.026412 0.000000 0.026412
0.295754 0.028968 0.000000 0.028968
0.296242 0.031682 0.000000 0.031682
0.296730 0.034483 0.000000 0.034483
0.297218 0.037486 0.000000 0.037486
0.297706 0.040518 0.000000 0.040518
0.298194 0.043801 0.000000 0.043801
0.298682 0.047046 0.000000 0.047046
0.299170 0.050599 0.000000 0.050599
0.299658 0.054038 0.000000 0.054038
0.300146 0.057849 0.001830 0.056019
0.300634 0.061461 0.007931 0.053531
0.301122 0.065516 0.014031 0.051485
0.301611 0.069282 0.020132 0.049150
0.302099 0.073568 0.026232 0.047336
0.302587 0.077468 0.032333 0.045135
0.303075 0.081970 0.038433 0.043537
0.303563 0.085985 0.044534 0.041451
0.304051 0.090691 0.050634 0.040057
0.304539 0.094803 0.056735 0.038068
0.305027 0.099700 0.062836 0.036865
0.305515 0.103894 0.068936 0.034958
0.306003 0.108970 0.075037 0.033933
0.306491 0.113230 0.081137 0.032093
0.306979 0.118474 0.087238 0.031236
0.307467 0.122786 0.093338 0.029448
0.307955 0.128188 0.099439 0.028749
0.308443 0.132541 0.105539 0.027002
0.308931 0.138092 0.111640 0.026452
0.309419 0.142475 0.117740 0.024735
0.309907 0.148166 0.123841 0.024325
0.310395 0.152569 0.129941 0.022628
0.310883 0.158392 0.136042 0.022350
0.311371 0.162807 0.142143 0.020665
0.311859 0.168756 0.148243 0.020513
0.312347 0.173175 0.154344 0.018831
0.312836 0.179244 0.160444 0.018800
0.313324 0.183659 0.166545 0.017115
0.313812 0.189843 0.172645 0.017198
0.314300 0.194249 0.178746 0.015504
0.314788 0.200543 0.184846 0.015696
0.315276 0.204934 0.190947 0.013988
0.315764 0.211333 0.197047 0.014286
0.316252 0.215705 0.203148 0.012558
0.316740 0.222206 0.209248 0.012957
0.317228 0.226554 0.215349 0.011205
0.317716 0.233153 0.221449 0.011703
0.318204 0.237474 0.227550 0.009924
0.318692 0.244168 0.233651 0.010517
0.319180 0.248458 0.239751 0.008707
0.319668 0.255244 0.245852 0.009392
0.320156 0.259500 0.251952 0.007548
0.320644 0.266376 0.258053 0.008324
0.321132 0.270596 0.264153 0.006443
0.321620 0.277560 0.270254 0.007306
0.322108 0.281741 0.276354 0.005387
0.322596 0.288790 0.282455 0.006336
0.323084 0.292931 0.288555 0.004375
0.323572 0.300064 0.294656 0.005408
0.324061 0.304161 0.300756 0.003405
0.324549 0.311377 0.306857 0.004520
0.325037 0.315430 0.312958 0.002472
0.325525 0.322726 0.319058 0.003668
0.326013 0.326733 0.325159 0.001575
0.326501 0.334109 0.331259 0.002850
0.326989 0.338069 0.337360 0.000709
0.327477 0.345523 0.343460 0.002063
0.327965 0.349434 0.349561 0.000127
0.328453 0.356966 0.355661 0.001305
0.328941 0.360826 0.361762 0.000935
0.329429 0.368435 0.367862 0.000573
0.329917 0.372245 0.373963 0.001718
0.330405 0.379929 0.380063 0.000134
0.330893 0.383687 0.386164 0.002477
0.331381 0.391446 0.392265 0.000818
0.331869 0.395151 0.398365 0.003214
0.332357 0.402984 0.404466 0.001481
0.332845 0.406635 0.410566 0.003931
0.333333 0.414543 0.416667 0.002124
0.333821 0.418139 0.422767 0.004628
0.334309 0.426120 0.428868 0.002748
0.334797 0.429661 0.434968 0.005307
0.335286 0.437714 0.441069 0.003355
0.335774 0.441200 0.447169 0.005969
0.336262 0.449325 0.453270 0.003945
0.336750 0.452755 0.459370 0.006615
0.337238 0.460951 0.465471 0.004520
0.337726 0.464324 0.471571 0.007247
0.338214 0.472592 0.477672 0.005080
0.338702 0.475908 0.483773 0.007865
0.339190 0.484246 0.489873 0.005627
0.339678 0.487504 0.495974 0.008469
0.340166 0.495912 0.502074 0.006162
0.340654 0.499113 0.508175 0.009062
0.341142 0.507591 0.514275 0.006684
0.341630 0.510733 0.520376 0.009642
0.342118 0.519281 0.526476 0.007196
0.342606 0.522364 0.532577 0.010212
0.343094 0.530981 0.538677 0.007696
0.343582 0.534006 0.544778 0.010772
0.344070 0.542691 0.550878 0.008187
0.344558 0.545656 0.556979 0.011323
0.345046 0.554410 0.563080 0.008669
0.345534 0.557315 0.569180 0.011865
0.346022 0.566138 0.575281 0.009143
0.346510 0.568983 0.581381 0.012398
0.346999 0.577873 0.587482 0.009609
0.347487 0.580658 0.593582 0.012924
0.347975 0.589616 0.599683 0.010067
0.348463 0.592340 0.605783 0.013443
0.348951 0.601365 0.611884 0.010519
0.349439 0.604029 0.617984 0.013956
0.349927 0.613120 0.624085 0.010965
0.350415 0.615722 0.630185 0.014463
0.350903 0.624880 0.636286 0.011406
0.351391 0.627421 0.642387 0.014965
0.351879 0.636645 0.648487 0.011842
0.352367 0.639124 0.654588 0.015463
0.352855 0.648413 0.660688 0.012275
0.353343 0.650831 0.666789 0.015958
0.353831 0.660185 0.672889 0.012705
0.354319 0.662540 0.678990 0.016450
0.354807 0.671958 0.685090 0.013132
0.355295 0.674251 0.691191 0.016940
0.355783 0.683732 0.697291 0.013559
0.356271 0.685963 0.703392 0.017429
0.356759 0.695506 0.709492 0.013986
0.357247 0.697674 0.715593 0.017919
0.357735 0.707279 0.721694 0.014415
0.358224 0.709384 0.727794 0.018410
0.358712 0.719049 0.733895 0.014846
0.359200 0.721090 0.739995 0.018905
0.359688 0.730815 0.746096 0.015281
0.360176 0.732792 0.752196 0.019404
0.360664 0.742574 0.758297 0.015722
0.361152 0.744488 0.764397 0.019909
0.361640 0.754326 0.770498 0.016172
0.362128 0.756175 0.776598 0.020423
0.362616 0.766067 0.782699 0.016632
0.363104 0.767852 0.788799 0.020948
0.363592 0.777794 0.794900 0.017106
0.364080 0.779514 0.801000 0.021486
0.364568 0.789506 0.807101 0.017595
0.365056 0.791160 0.813202 0.022042
0.365544 0.801197 0.819302 0.018105
0.366032 0.802785 0.825403 0.022617
0.366520 0.812863 0.831503 0.018640
0.367008 0.814386 0.837604 0.023218
0.367496 0.824501 0.843704 0.019204
0.367984 0.825956 0.849805 0.023848
0.368472 0.836103 0.855905 0.019802
0.368960 0.837491 0.862006 0.024514
0.369449 0.847664 0.868106 0.020443
0.369937 0.848984 0.874207 0.025222
0.370425 0.859176 0.880307 0.021132
0.370913 0.860428 0.886408 0.025980
0.371401 0.870630 0.892509 0.021878
0.371889 0.871814 0.898609 0.026795
0.372377 0.882019 0.904710 0.022691
0.372865 0.883134 0.910810 0.027676
0.373353 0.893333 0.916911 0.023578
0.373841 0.894378 0.923011 0.028633
0.374329 0.904562 0.929112 0.024550
0.374817 0.905537 0.935212 0.029675
0.375305 0.915699 0.941313 0.025614
0.375793 0.916605 0.947413 0.030809
0.376281 0.926739 0.953514 0.026775
0.376769 0.927576 0.959614 0.032038
0.377257 0.937683 0.965715 0.028032
0.377745 0.938453 0.971816 0.033363
0.378233 0.948540 0.977916 0.029376
0.378721 0.949244 0.984017 0.034772
0.379209 0.959333 0.990117 0.030784
0.379697 0.959975 0.996218 0.036242
0.380185 0.970105 1.000000 0.029895
0.380673 0.970689 1.000000 0.029311
0.381162 0.980920 1.000000 0.019080
0.381650 0.981451 1.000000 0.018549
0.382138 0.991874 1.000000 0.008126
0.382626 0.992357 1.000000 0.007643
0.383114 1.003090 1.000000 0.003090
0.383602 1.003530 1.000000 0.003530
0.384090 1.014720 1.000000 0.014720
0.384578 1.015121 1.000000 0.015121
0.385066 1.026924 1.000000 0.026924
0.385554 1.027284 1.000000 0.027284
0.386042 1.039780 1.000000 0.039780
0.386530 1.040087 1.000000 0.040087
0.387018 1.052721 1.000000 0.052721
0.387506 1.052926 1.000000 0.052926
0.387994 1.059957 1.000000 0.059957
0.388482 1.059816 1.000000 0.059816
0.388970 1.033982 1.000000 0.033982
0.389458 1.033306 1.000000 0.033306
0.389946 1.000000 1.000000 0.000000
0.390434 1.000000 1.000000 0.000000
0.390922 1.000000 1.000000 0.000000
0.391410 1.000000 1.000000 0.000000
0.391898 1.000000 1.000000 0.000000
0.392387 1.000000 1.000000 0.000000
0.392875 1.000000 1.000000 0.000000
0.393363 1.000000 1.000000 0.000000
0.393851 1.000000 1.000000 0.000000
0.394339 1.000000 1.000000 0.000000
0.394827 1.000000 1.000000 0.000000
0.395315 1.000000 1.000000 0.000000
0.395803 1.000000 1.000000 0.000000
0.396291 1.000000 1.000000 0.000000
0.396779 1.000000 1.000000 0.000000
0.397267 1.000000 1.000000 0.000000
0.397755 1.000000 1.000000 0.000000
0.398243 1.000000 1.000000 0.000000
0.398731 1.000000 1.000000 0.000000
0.399219 1.000000 1.000000 0.000000
0.399707 1.000000 1.000000 0.000000
0.400195 1.000000 1.000000 0.000000
0.400683 1.000000 1.000000 0.000000
0.401171 1.000000 1.000000 0.000000
0.401659 1.000000 1.000000 0.000000
0.402147 1.000000 1.000000 0.000000
0.402635 1.000000 1.000000 0.000000
0.403123 1.000000 1.000000 0.000000
0.403612 1.000000 1.000000 0.000000
0.404100 1.000000 1.000000 0.000000
0.404588 1.000000 1.000000 0.000000
0.405076 1.000000 1.000000 0.000000
0.405564 1.000000 1.000000 0.000000
0.406052 1.000000 1.000000 0.000000
0.406540 1.000000 1.000000 0.000000
0.407028 1.000000 1.000000 0.000000
0.407516 1.000000 1.000000 0.000000
0.408004 1.000000 1.000000 0.000000
0.408492 1.000000 1.000000 0.000000
0.408980 1.000000 1.000000 0.000000
0.409468 1.000000 1.000000 0.000000
0.409956 1.000000 1.000000 0.000000
0.410444 1.000000 1.000000 0.000000
0.410932 1.000000 1.000000 0.000000
0.411420 1.000000 1.000000 0.000000
0.411908 1.000000 1.000000 0.000000
0.412396 1.000000 1.000000 0.000000
0.412884 1.000000 1.000000 0.000000
0.413372 1.000000 1.000000 0.000000
0.413860 1.000000 1.000000 0.000000
0.414348 1.000000 1.000000 0.000000
0.414837 1.000000 1.000000 0.000000
0.415325 1.000000 1.000000 0.000000
0.415813 1.000000 1.000000 0.000000
0.416301 1.000000 1.000000 0.000000
0.416789 1.000000 1.000000 0.000000
0.417277 1.000000 1.000000 0.000000
0.417765 1.000000 1.000000 0.000000
0.418253 1.000000 1.000000 0.000000
0.418741 1.000000 1.000000 0.000000
0.419229 1.000000 1.000000 0.000000
0.419717 1.000000 1.000000 0.000000
0.420205 1.000000 1.000000 0.000000
0.420693 1.000000 1.000000 0.000000
0.421181 1.000000 1.000000 0.000000
0.421669 1.000000 1.000000 0.000000
0.422157 1.000000 1.000000 0.000000
0.422645 1.000000 1.000000 0.000000
0.423133 1.000000 1.000000 0.000000
0.423621 1.000000 1.000000 0.000000
0.424109 1.000000 1.000000 0.000000
0.424597 1.000000 1.000000 0.000000
0.425085 1.000000 1.000000 0.000000
0.425573 1.000000 1.000000 0.000000
0.426061 1.000000 1.000000 0.000000
0.426550 1.000000 1.000000 0.000000
0.427038 1.000000 1.000000 0.000000
0.427526 1.000000 1.000000 0.000000
0.428014 1.000000 1.000000 0.000000
0.428502 1.000000 1.000000 0.000000
0.428990 1.000000 1.000000 0.000000
0.429478 1.000000 1.000000 0.000000
0.429966 1.000000 1.000000 0.000000
0.430454 1.000000 1.000000 0.000000
0.430942 1.000000 1.000000 0.000000
0.431430 1.000000 1.000000 0.000000
0.431918 1.000000 1.000000 0.000000
0.432406 1.000000 1.000000 0.000000
0.432894 1.000000 1.000000 0.000000
0.433382 1.000000 1.000000 0.000000
0.433870 1.000000 1.000000 0.000000
0.434358 1.000000 1.000000 0.000000
0.434846 1.000000 1.000000 0.000000
0.435334 1.000000 1.000000 0.000000
0.435822 1.000000 1.000000 0.000000
0.436310 1.000000 1.000000 0.000000
0.436798 1.000000 1.000000 0.000000
0.437286 1.000000 1.000000 0.000000
0.437775 1.000000 1.000000 0.000000
0.438263 1.000000 1.000000 0.000000
0.438751 1.000000 1.000000 0.000000
0.439239 1.000000 1.000000 0.000000
0.439727 1.000000 1.000000 0.000000
0.440215 1.000000 1.000000 0.000000
0.440703 1.000000 1.000000 0.000000
0.441191 1.000000 1.000000 0.000000
0.441679 1.000000 1.000000 0.000000
0.442167 1.000000 1.000000 0.000000
0.442655 1.000000 1.000000 0.000000
0.443143 1.000000 1.000000 0.000000
0.443631 1.000000 1.000000 0.000000
0.444119 1.000000 1.000000 0.000000
0.444607 1.000000 1.000000 0.000000
0.445095 1.000000 1.000000 0.000000
0.445583 1.000000 1.000000 0.000000
0.446071 1.000000 1.000000 0.000000
0.446559 1.000000 1.000000 0.000000
0.447047 1.000000 1.000000 0.000000
0.447535 1.000000 1.000000 0.000000
0.448023 1.000000 1.000000 0.000000
0.448511 1.000000 1.000000 0.000000
0.449000 1.000000 1.000000 0.000000
0.449488 1.000000 1.000000 0.000000
0.449976 1.000000 1.000000 0.000000
0.450464 1.000000 1.000000 0.000000
0.450952 1.000000 1.000000 0.000000
0.451440 1.000000 1.000000 0.000000
0.451928 1.000000 1.000000 0.000000
0.452416 1.000000 1.000000 0.000000
0.452904 1.000000 1.000000 0.000000
0.453392 1.000000 1.000000 0.000000
0.453880 1.000000 1.000000 0.000000
0.454368 1.000000 1.000000 0.000000
0.454856 1.000000 1.000000 0.000000
0.455344 1.000000 1.000000 0.000000
0.455832 1.000000 1.000000 0.000000
0.456320 1.000000 1.000000 0.000000
0.456808 1.000000 1.000000 0.000000
0.457296 1.000000 1.000000 0.000000
0.457784 1.000000 1.000000 0.000000
0.458272 1.000000 1.000000 0.000000
0.458760 1.000000 1.000000 0.000000
0.459248 1.000000 1.000000 0.000000
0.459736 1.000000 1.000000 0.000000
0.460224 1.000000 1.000000 0.000000
0.460713 1.000000 1.000000 0.000000
0.461201 1.000000 1.000000 0.000000
0.461689 1.000000 1.000000 0.000000
0.462177 1.000000 1.000000 0.000000
0.462665 1.000000 1.000000 0.000000
0.463153 1.000000 1.000000 0.000000
0.463641 1.000000 1.000000 0.000000
0.464129 1.000000 1.000000 0.000000
0.464617 1.000000 1.000000 0.000000
0.465105 1.000000 1.000000 0.000000
0.465593 1.000000 1.000000 0.000000
0.466081 1.000000 1.000000 0.000000
0.466569 1.000000 1.000000 0.000000
0.467057 1.000000 1.000000 0.000000
0.467545 1.000000 1.000000 0.000000
0.468033 1.000000 1.000000 0.000000
0.468521 1.000000 1.000000 0.000000
0.469009 1.000000 1.000000 0.000000
0.469497 1.000000 1.000000 0.000000
0.469985 1.000000 1.000000 0.000000
0.470473 1.000000 1.000000 0.000000
0.470961 1.000000 1.000000 0.000000
0.471449 1.000000 1.000000 0.000000
0.471938 1.000000 1.000000 0.000000
0.472426 1.000000 1.000000 0.000000
0.472914 1.000000 1.000000 0.000000
0.473402 1.000000 1.000000 0.000000
0.473890 1.000000 1.000000 0.000000
0.474378 1.000000 1.000000 0.000000
0.474866 1.000000 1.000000 0.000000
0.475354 1.000000 1.000000 0.000000
0.475842 1.000000 1.000000 0.000000
0.476330 1.000000 1.000000 0.000000
0.476818 1.000000 1.000000 0.000000
0.477306 1.000000 1.000000 0.000000
0.477794 1.000000 1.000000 0.000000
0.478282 1.000000 1.000000 0.000000
0.478770 1.000000 1.000000 0.000000
0.479258 1.000000 1.000000 0.000000
0.479746 1.000000 1.000000 0.000000
0.480234 1.000000 1.000000 0.000000
0.480722 1.000000 1.000000 0.000000
0.481210 1.000000 1.000000 0.000000
0.481698 1.000000 1.000000 0.000000
0.482186 1.000000 1.000000 0.000000
0.482674 1.000000 1.000000 0.000000
0.483163 1.000000 1.000000 0.000000
0.483651 1.000000 1.000000 0.000000
0.484139 1.000000 1.000000 0.000000
0.484627 1.000000 1.000000 0.000000
0.485115 1.000000 1.000000 0.000000
0.485603 1.000000 1.000000 0.000000
0.486091 1.000000 1.000000 0.000000
0.486579 1.000000 1.000000 0.000000
0.487067 1.000000 1.000000 0.000000
0.487555 1.000000 1.000000 0.000000
0.488043 1.000000 1.000000 0.000000
0.488531 1.000000 1.000000 0.000000
0.489019 1.000000 1.000000 0.000000
0.489507 1.000000 1.000000 0.000000
0.489995 1.000000 1.000000 0.000000
0.490483 1.000000 1.000000 0.000000
0.490971 1.000000 1.000000 0.000000
0.491459 1.000000 1.000000 0.000000
0.491947 1.000000 1.000000 0.000000
0.492435 1.000000 1.000000 0.000000
0.492923 1.000000 1.000000 0.000000
0.493411 1.000000 1.000000 0.000000
0.493899 1.000000 1.000000 0.000000
0.494388 1.000000 1.000000 0.000000
0.494876 1.000000 1.000000 0.000000
0.495364 1.000000 1.000000 0.000000
0.495852 1.000000 1.000000 0.000000
0.496340 1.000000 1.000000 0.000000
0.496828 1.000000 1.000000 0.000000
0.497316 1.000000 1.000000 0.000000
0.497804 1.000000 1.000000 0.000000
0.498292 1.000000 1.000000 0.000000
0.498780 1.000000 1.000000 0.000000
0.499268 1.000000 1.000000 0.000000
0.499756 1.000000 1.000000 0.000000
0.500244 1.000000 1.000000 0.000000
0.500732 1.000000 1.000000 0.000000
0.501220 1.000000 1.000000 0.000000
0.501708 1.000000 1.000000 0.000000
0.502196 1.000000 1.000000 0.000000
0.502684 1.000000 1.000000 0.000000
0.503172 1.000000 1.000000 0.000000
0.503660 1.000000 1.000000 0.000000
0.504148 1.000000 1.000000 0.000000
0.504636 1.000000 1.000000 0.000000
0.505124 1.000000 1.000000 0.000000
0.505612 1.000000 1.000000 0.000000
0.506101 1.000000 1.000000 0.000000
0.506589 1.000000 1.000000 0.000000
0.507077 1.000000 1.000000 0.000000
0.507565 1.000000 1.000000 0.000000
0.508053 1.000000 1.000000 0.000000
0.508541 1.000000 1.000000 0.000000
0.509029 1.000000 1.000000 0.000000
0.509517 1.000000 1.000000 0.000000
0.510005 1.000000 1.000000 0.000000
0.510493 1.000000 1.000000 0.000000
0.510981 1.000000 1.000000 0.000000
0.511469 1.000000 1.000000 0.000000
0.511957 1.000000 1.000000 0.000000
0.512445 1.000000 1.000000 0.000000
0.512933 1.000000 1.000000 0.000000
0.513421 1.000000 1.000000 0.000000
0.513909 1.000000 1.000000 0.000000
0.514397 1.000000 1.000000 0.000000
0.514885 1.000000 1.000000 0.000000
0.515373 1.000000 1.000000 0.000000
0.515861 1.000000 1.000000 0.000000
0.516349 1.000000 1.000000 0.000000
0.516837 1.000000 1.000000 0.000000
0.517326 1.000000 1.000000 0.000000
0.517814 1.000000 1.000000 0.000000
0.518302 1.000000 1.000000 0.000000
0.518790 1.000000 1.000000 0.000000
0.519278 1.000000 1.000000 0.000000
0.519766 1.000000 1.000000 0.000000
0.520254 1.000000 1.000000 0.000000
0.520742 1.000000 1.000000 0.000000
0.521230 1.000000 1.000000 0.000000
0.521718 1.000000 1.000000 0.000000
0.522206 1.000000 1.000000 0.000000
0.522694 1.000000 1.000000 0.000000
0.523182 1.000000 1.000000 0.000000
0.523670 1.000000 1.000000 0.000000
0.524158 1.000000 1.000000 0.000000
0.524646 1.000000 1.000000 0.000000
0.525134 1.000000 1.000000 0.000000
0.525622 1.000000 1.000000 0.000000
0.526110 1.000000 1.000000 0.000000
0.526598 1.000000 1.000000 0.000000
0.527086 1.000000 1.000000 0.000000
0.527574 1.000000 1.000000 0.000000
0.528062 1.000000 1.000000 0.000000
0.528551 1.000000 1.000000 0.000000
0.529039 1.000000 1.000000 0.000000
0.529527 1.000000 1.000000 0.000000
0.530015 1.000000 1.000000 0.000000
0.530503 1.000000 1.000000 0.000000
0.530991 1.000000 1.000000 0.000000
0.531479 1.000000 1.000000 0.000000
0.531967 1.000000 1.000000 0.000000
0.532455 1.000000 1.000000 0.000000
0.532943 1.000000 1.000000 0.000000
0.533431 1.000000 1.000000 0.000000
0.533919 1.000000 1.000000 0.000000
0.534407 1.000000 1.000000 0.000000
0.534895 1.000000 1.000000 0.000000
0.535383 1.000001 1.000000 0.000001
0.535871 1.000003 1.000000 0.000003
0.536359 1.000030 1.000000 0.000030
0.536847 1.000073 1.000000 0.000073
0.537335 1.000687 1.000000 0.000687
0.537823 1.001521 1.000000 0.001521
0.538311 1.011542 1.000000 0.011542
0.538799 1.024698 1.000000 0.024698
0.539287 0.943233 1.000000 0.056767
0.539776 0.736311 1.000000 0.263689
0.540264 0.058894 0.000000 0.058894
0.540752 -0.043122 0.000000 0.043122
0.541240 -0.050091 0.000000 0.050091
0.541728 -0.035489 0.000000 0.035489
0.542216 -0.011774 0.000000 0.011774
0.542704 -0.007459 0.000000 0.007459
0.543192 -0.002119 0.000000 0.002119
0.543680 -0.001294 0.000000 0.001294
0.544168 -0.000343 0.000000 0.000343
0.544656 -0.000205 0.000000 0.000205
0.545144 -0.000052 0.000000 0.000052
0.545632 -0.000031 0.000000 0.000031
0.546120 -0.000008 0.000000 0.000008
0.546608 -0.000004 0.000000 0.000004
0.547096 -0.000001 0.000000 0.000001
0.547584 -0.000001 0.000000 0.000001
0.548072 -0.000000 0.000000 0.000000
0.548560 -0.000000 0.000000 0.000000
0.549048 -0.000000 0.000000 0.000000
0.549536 -0.000000 0.000000 0.000000
0.550024 -0.000000 0.000000 0.000000
0.550512 -0.000000 0.000000 0.000000
0.551000 -0.000000 0.000000 0.000000
0.551489 -0.000000 0.000000 0.000000
0.551977 -0.000000 0.000000 0.000000
0.552465 -0.000000 0.000000 0.000000
0.552953 -0.000000 0.000000 0.000000
0.553441 -0.000000 0.000000 0.000000
0.553929 -0.000000 0.000000 0.000000
0.554417 -0.000000 0.000000 0.000000
0.554905 -0.000000 0.000000 0.000000
0.555393 -0.000000 0.000000 0.000000
0.555881 -0.000000 0.000000 0.000000
0.556369 -0.000000 0.000000 0.000000
0.556857 -0.000000 0.000000 0.000000
0.557345 -0.000000 0.000000 0.000000
0.557833 -0.000000 0.000000 0.000000
0.558321 -0.000000 0.000000 0.000000
0.558809 -0.000000 0.000000 0.000000
0.559297 -0.000000 0.000000 0.000000
0.559785 -0.000000 0.000000 0.000000
0.560273 -0.000000 0.000000 0.000000
0.560761 -0.000000 0.000000 0.000000
0.561249 -0.000000 0.000000 0.000000
0.561737 -0.000000 0.000000 0.000000
0.562225 -0.000000 0.000000 0.000000
0.562714 -0.000000 0.000000 0.000000
0.563202 -0.000000 0.000000 0.000000
0.563690 -0.000000 0.000000 0.000000
0.564178 -0.000000 0.000000 0.000000
0.564666 -0.000000 0.000000 0.000000
0.565154 -0.000000 0.000000 0.000000
0.565642 -0.000000 0.000000 0.000000
0.566130 -0.000000 0.000000 0.000000
0.566618 -0.000000 0.000000 0.000000
0.567106 -0.000000 0.000000 0.000000
0.567594 -0.000000 0.000000 0.000000
0.568082 -0.000000 0.000000 0.000000
0.568570 -0.000000 0.000000 0.000000
0.569058 -0.000000 0.000000 0.000000
0.569546 -0.000000 0.000000 0.000000
0.570034 -0.000000 0.000000 0.000000
0.570522 -0.000000 0.000000 0.000000
0.571010 -0.000000 0.000000 0.000000
0.571498 -0.000000 0.000000 0.000000
0.571986 -0.000000 0.000000 0.000000
0.572474 -0.000000 0.000000 0.000000
0.572962 -0.000000 0.000000 0.000000
0.573450 -0.000000 0.000000 0.000000
0.573939 -0.000000 0.000000 0.000000
0.574427 -0.000000 0.000000 0.000000
0.574915 -0.000000 0.000000 0.000000
0.575403 -0.000000 0.000000 0.000000
0.575891 -0.000000 0.000000 0.000000
0.576379 -0.000000 0.000000 0.000000
0.576867 -0.000000 0.000000 0.000000
0.577355 -0.000000 0.000000 0.000000
0.577843 -0.000000 0.000000 0.000000
0.578331 -0.000000 0.000000 0.000000
0.578819 -0.000000 0.000000 0.000000
0.579307 -0.000000 0.000000 0.000000
0.579795 -0.000000 0.000000 0.000000
0.580283 -0.000000 0.000000 0.000000
0.580771 -0.000000 0.000000 0.000000
0.581259 -0.000000 0.000000 0.000000
0.581747 -0.000000 0.000000 0.000000
0.582235 -0.000000 0.000000 0.000000
0.582723 -0.000000 0.000000 0.000000
0.583211 -0.000000 0.000000 0.000000
0.583699 -0.000000 0.000000 0.000000
0.584187 -0.000000 0.000000 0.000000
0.584675 -0.000000 0.000000 0.000000
0.585163 -0.000000 0.000000 0.000000
0.585652 -0.000000 0.000000 0.000000
0.586140 -0.000000 0.000000 0.000000
0.586628 -0.000000 0.000000 0.000000
0.587116 -0.000000 0.000000 0.000000
0.587604 -0.000000 0.000000 0.000000
0.588092 -0.000000 0.000000 0.000000
0.588580 -0.000000 0.000000 0.000000
0.589068 0.000000 0.000000 0.000000
0.589556 0.000000 0.000000 0.000000
0.590044 0.000000 0.000000 0.000000
0.590532 0.000000 0.000000 0.000000
0.591020 0.000000 0.000000 0.000000
0.591508 0.000000 0.000000 0.000000
0.591996 0.000000 0.000000 0.000000
0.592484 0.000000 0.000000 0.000000
0.592972 0.000000 0.000000 0.000000
0.593460 0.000000 0.000000 0.000000
0.593948 0.000000 0.000000 0.000000
0.594436 0.000000 0.000000 0.000000
0.594924 0.000000 0.000000 0.000000
0.595412 0.000000 0.000000 0.000000
0.595900 0.000000 0.000000 0.000000
0.596388 0.000000 0.000000 0.000000
0.596877 0.000000 0.000000 0.000000
0.597365 0.000000 0.000000 0.000000
0.597853 0.000000 0.000000 0.000000
0.598341 0.000000 0.000000 0.000000
0.598829 0.000000 0.000000 0.000000
0.599317 0.000000 0.000000 0.000000
0.599805 0.000000 0.000000 0.000000
0.600293 0.000000 0.000000 0.000000
0.600781 0.000000 0.000000 0.000000
0.601269 0.000000 0.000000 0.000000
0.601757 0.000000 0.000000 0.000000
0.602245 0.000000 0.000000 0.000000
0.602733 0.000000 0.000000 0.000000
0.603221 0.000000 0.000000 0.000000
0.603709 0.000000 0.000000 0.000000
0.604197 0.000000 0.000000 0.000000
0.604685 0.000000 0.000000 0.000000
0.605173 0.000000 0.000000 0.000000
0.605661 0.000000 0.000000 0.000000
0.606149 0.000000 0.000000 0.000000
0.606637 0.000000 0.000000 0.000000
0.607125 0.000000 0.000000 0.000000
0.607613 0.000000 0.000000 0.000000
0.608102 0.000000 0.000000 0.000000
0.608590 0.000000 0.000000 0.000000
0.609078 0.000000 0.000000 0.000000
0.609566 0.000000 0.000000 0.000000
0.610054 0.000000 0.000000 0.000000
0.610542 0.000000 0.000000 0.000000
0.611030 0.000000 0.000000 0.000000
0.611518 0.000000 0.000000 0.000000
0.612006 0.000000 0.000000 0.000000
0.612494 0.000000 0.000000 0.000000
0.612982 0.000000 0.000000 0.000000
0.613470 0.000000 0.000000 0.000000
0.613958 0.000000 0.000000 0.000000
0.614446 0.000000 0.000000 0.000000
0.614934 0.000000 0.000000 0.000000
0.615422 0.000000 0.000000 0.000000
0.615910 0.000000 0.000000 0.000000
0.616398 0.000000 0.000000 0.000000
0.616886 0.000000 0.000000 0.000000
0.617374 0.000000 0.000000 0.000000
0.617862 0.000000 0.000000 0.000000
0.618350 0.000000 0.000000 0.000000
0.618838 0.000000 0.000000 0.000000
0.619327 0.000000 0.000000 0.000000
0.619815 0.000000 0.000000 0.000000
0.620303 0.000000 0.000000 0.000000
0.620791 0.000000 0.000000 0.000000
0.621279 0.000000 0.000000 0.000000
0.621767 0.000000 0.000000 0.000000
0.622255 0.000000 0.000000 0.000000
0.622743 0.000000 0.000000 0.000000
0.623231 0.000000 0.000000 0.000000
0.623719 0.000000 0.000000 0.000000
0.624207 0.000000 0.000000 0.000000
0.624695 0.000000 0.000000 0.000000
0.625183 0.000000 0.000000 0.000000
0.625671 0.000000 0.000000 0.000000
0.626159 0.000000 0.000000 0.000000
0.626647 0.000000 0.000000 0.000000
0.627135 0.000000 0.000000 0.000000
0.627623 0.000000 0.000000 0.000000
0.628111 0.000000 0.000000 0.000000
0.628599 0.000000 0.000000 0.000000
0.629087 0.000000 0.000000 0.000000
0.629575 0.000000 0.000000 0.000000
0.630063 0.000000 0.000000 0.000000
0.630551 0.000000 0.000000 0.000000
0.631040 0.000000 0.000000 0.000000
0.631528 0.000000 0.000000 0.000000
0.632016 0.000000 0.000000 0.000000
0.632504 0.000000 0.000000 0.000000
0.632992 0.000000 0.000000 0.000000
0.633480 0.000000 0.000000 0.000000
0.633968 0.000000 0.000000 0.000000
0.634456 0.000000 0.000000 0.000000
0.634944 0.000000 0.000000 0.000000
0.635432 0.000000 0.000000 0.000000
0.635920 0.000000 0.000000 0.000000
0.636408 0.000000 0.000000 0.000000
0.636896 0.000000 0.000000 0.000000
0.637384 0.000000 0.000000 0.000000
0.637872 0.000000 0.000000 0.000000
0.638360 0.000000 0.000000 0.000000
0.638848 0.000000 0.000000 0.000000
0.639336 0.000000 0.000000 0.000000
0.639824 0.000000 0.000000 0.000000
0.640312 0.000000 0.000000 0.000000
0.640800 0.000000 0.000000 0.000000
0.641288 0.000000 0.000000 0.000000
0.641776 0.000000 0.000000 0.000000
0.642265 0.000000 0.000000 0.000000
0.642753 0.000000 0.000000 0.000000
0.643241 0.000000 0.000000 0.000000
0.643729 0.000000 0.000000 0.000000
0.644217 0.000000 0.000000 0.000000
0.644705 0.000000 0.000000 0.000000
0.645193 0.000000 0.000000 0.000000
0.645681 0.000000 0.000000 0.000000
0.646169 0.000000 0.000000 0.000000
0.646657 0.000000 0.000000 0.000000
0.647145 0.000000 0.000000 0.000000
0.647633 0.000000 0.000000 0.000000
0.648121 0.000000 0.000000 0.000000
0.648609 0.000000 0.000000 0.000000
0.649097 0.000000 0.000000 0.000000
0.649585 0.000000 0.000000 0.000000
0.650073 0.000000 0.000000 0.000000
0.650561 0.000000 0.000000 0.000000
0.651049 0.000000 0.000000 0.000000
0.651537 0.000000 0.000000 0.000000
0.652025 0.000000 0.000000 0.000000
0.652513 0.000000 0.000000 0.000000
0.653001 0.000000 0.000000 0.000000
0.653490 0.000000 0.000000 0.000000
0.653978 0.000000 0.000000 0.000000
0.654466 0.000000 0.000000 0.000000
0.654954 0.000000 0.000000 0.000000
0.655442 0.000000 0.000000 0.000000
0.655930 0.000000 0.000000 0.000000
0.656418 0.000000 0.000000 0.000000
0.656906 0.000000 0.000000 0.000000
0.657394 0.000000 0.000000 0.000000
0.657882 0.000000 0.000000 0.000000
0.658370 0.000000 0.000000 0.000000
0.658858 0.000000 0.000000 0.000000
0.659346 0.000000 0.000000 0.000000
0.659834 0.000000 0.000000 0.000000
0.660322 0.000000 0.000000 0.000000
0.660810 0.000000 0.000000 0.000000
0.661298 0.000000 0.000000 0.000000
0.661786 0.000000 0.000000 0.000000
0.662274 0.000000 0.000000 0.000000
0.662762 0.000000 0.000000 0.000000
0.663250 0.000000 0.000000 0.000000
0.663738 0.000000 0.000000 0.000000
0.664226 0.000000 0.000000 0.000000
0.664714 0.000000 0.000000 0.000000
0.665203 0.000000 0.000000 0.000000
0.665691 0.000000 0.000000 0.000000
0.666179 0.000000 0.000000 0.000000
0.666667 0.000000 0.000000 0.000000
0.667155 0.000000 0.000000 0.000000
0.667643 0.000000 0.000000 0.000000
0.668131 0.000000 0.000000 0.000000
0.668619 0.000000 0.000000 0.000000
0.669107 0.000000 0.000000 0.000000
0.669595 0.000000 0.000000 0.000000
0.670083 0.000000 0.000000 0.000000
0.670571 0.000000 0.000000 0.000000
0.671059 0.000000 0.000000 0.000000
0.671547 0.000000 0.000000 0.000000
0.672035 0.000000 0.000000 0.000000
0.672523 0.000000 0.000000 0.000000
0.673011 0.000000 0.000000 0.000000
0.673499 0.000000 0.000000 0.000000
0.673987 0.000000 0.000000 0.000000
0.674475 0.000000 0.000000 0.000000
0.674963 0.000000 0.000000 0.000000
0.675451 0.000000 0.000000 0.000000
0.675939 0.000000 0.000000 0.000000
0.676428 0.000000 0.000000 0.000000
0.676916 0.000000 0.000000 0.000000
0.677404 0.000000 0.000000 0.000000
0.677892 0.000000 0.000000 0.000000
0.678380 0.000000 0.000000 0.000000
0.678868 0.000000 0.000000 0.000000
0.679356 0.000000 0.000000 0.000000
0.679844 0.000000 0.000000 0.000000
0.680332 0.000000 0.000000 0.000000
0.680820 0.000000 0.000000 0.000000
0.681308 0.000000 0.000000 0.000000
0.681796 0.000000 0.000000 0.000000
0.682284 0.000000 0.000000 0.000000
0.682772 0.000000 0.000000 0.000000
0.683260 0.000000 0.000000 0.000000
0.683748 0.000000 0.000000 0.000000
0.684236 0.000000 0.000000 0.000000
0.684724 0.000000 0.000000 0.000000
0.685212 0.000000 0.000000 0.000000
0.685700 0.000000 0.000000 0.000000
0.686188 0.000000 0.000000 0.000000
0.686676 0.000000 0.000000 0.000000
0.687164 0.000000 0.000000 0.000000
0.687653 0.000000 0.000000 0.000000
0.688141 0.000000 0.000000 0.000000
0.688629 0.000000 0.000000 0.000000
0.689117 0.000000 0.000000 0.000000
0.689605 0.000000 0.000000 0.000000
0.690093 0.000000 0.000000 0.000000
0.690581 0.000000 0.000000 0.000000
0.691069 0.000000 0.000000 0.000000
0.691557 0.000000 0.000000 0.000000
0.692045 0.000000 0.000000 0.000000
0.692533 0.000000 0.000000 0.000000
0.693021 0.000000 0.000000 0.000000
0.693509 0.000000 0.000000 0.000000
0.693997 0.000000 0.000000 0.000000
0.694485 0.000000 0.000000 0.000000
0.694973 0.000000 0.000000 0.000000
0.695461 0.000000 0.000000 0.000000
0.695949 0.000000 0.000000 0.000000
0.696437 0.000000 0.000000 0.000000
0.696925 0.000000 0.000000 0.000000
0.697413 0.000000 0.000000 0.000000
0.697901 0.000000 0.000000 0.000000
0.698389 0.000000 0.000000 0.000000
0.698878 0.000000 0.000000 0.000000
0.699366 0.000000 0.000000 0.000000
0.699854 0.000000 0.000000 0.000000
0.700342 0.000000 0.000000 0.000000
0.700830 0.000000 0.000000 0.000000
0.701318 0.000000 0.000000 0.000000
0.701806 0.000000 0.000000 0.000000
0.702294 0.000000 0.000000 0.000000
0.702782 0.000000 0.000000 0.000000
0.703270 0.000000 0.000000 0.000000
0.703758 0.000000 0.000000 0.000000
0.704246 0.000000 0.000000 0.000000
0.704734 0.000000 0.000000 0.000000
0.705222 0.000000 0.000000 0.000000
0.705710 0.000000 0.000000 0.000000
0.706198 0.000000 0.000000 0.000000
0.706686 0.000000 0.000000 0.000000
0.707174 0.000000 0.000000 0.000000
0.707662 0.000000 0.000000 0.000000
0.708150 0.000000 0.000000 0.000000
0.708638 0.000000 0.000000 0.000000
0.709126 0.000000 0.000000 0.000000
0.709614 0.000000 0.000000 0.000000
0.710102 0.000000 0.000000 0.000000
0.710591 0.000000 0.000000 0.000000
0.711079 0.000000 0.000000 0.000000
0.711567 0.000000 0.000000 0.000000
0.712055 0.000000 0.000000 0.000000
0.712543 0.000000 0.000000 0.000000
0.713031 0.000000 0.000000 0.000000
0.713519 0.000000 0.000000 0.000000
0.714007 0.000000 0.000000 0.000000
0.714495 0.000000 0.000000 0.000000
0.714983 0.000000 0.000000 0.000000
0.715471 0.000000 0.000000 0.000000
0.715959 0.000000 0.000000 0.000000
0.716447 0.000000 0.000000 0.000000
0.716935 0.000000 0.000000 0.000000
0.717423 0.000000 0.000000 0.000000
0.717911 0.000000 0.000000 0.000000
0.718399 0.000000 0.000000 0.000000
0.718887 0.000000 0.000000 0.000000
0.719375 0.000000 0.000000 0.000000
0.719863 0.000000 0.000000 0.000000
0.720351 0.000000 0.000000 0.000000
0.720839 0.000000 0.000000 0.000000
0.721327 0.000000 0.000000 0.000000
0.721816 0.000000 0.000000 0.000000
0.722304 0.000000 0.000000 0.000000
0.722792 0.000000 0.000000 0.000000
0.723280 0.000000 0.000000 0.000000
0.723768 0.000000 0.000000 0.000000
0.724256 0.000000 0.000000 0.000000
0.724744 0.000000 0.000000 0.000000
0.725232 0.000000 0.000000 0.000000
0.725720 0.000000 0.000000 0.000000
0.726208 0.000000 0.000000 0.000000
0.726696 0.000000 0.000000 0.000000
0.727184 0.000000 0.000000 0.000000
0.727672 0.000000 0.000000 0.000000
0.728160 0.000000 0.000000 0.000000
0.728648 0.000000 0.000000 0.000000
0.729136 0.000000 0.000000 0.000000
0.729624 0.000000 0.000000 0.000000
0.730112 0.000000 0.000000 0.000000
0.730600 0.000000 0.000000 0.000000
0.731088 0.000000 0.000000 0.000000
0.731576 0.000000 0.000000 0.000000
0.732064 0.000000 0.000000 0.000000
0.732552 0.000000 0.000000 0.000000
0.733041 0.000000 0.000000 0.000000
0.733529 0.000000 0.000000 0.000000
0.734017 0.000000 0.000000 0.000000
0.734505 0.000000 0.000000 0.000000
0.734993 0.000000 0.000000 0.000000
0.735481 0.000000 0.000000 0.000000
0.735969 0.000000 0.000000 0.000000
0.736457 0.000000 0.000000 0.000000
0.736945 0.000000 0.000000 0.000000
0.737433 0.000000 0.000000 0.000000
0.737921 0.000000 0.000000 0.000000
0.738409 0.000000 0.000000 0.000000
0.738897 0.000000 0.000000 0.000000
0.739385 0.000000 0.000000 0.000000
0.739873 0.000000 0.000000 0.000000
0.740361 0.000000 0.000000 0.000000
0.740849 0.000000 0.000000 0.000000
0.741337 0.000000 0.000000 0.000000
0.741825 0.000000 0.000000 0.000000
0.742313 0.000000 0.000000 0.000000
0.742801 0.000000 0.000000 0.000000
0.743289 0.000000 0.000000 0.000000
0.743777 0.000000 0.000000 0.000000
0.744265 0.000000 0.000000 0.000000
0.744754 0.000000 0.000000 0.000000
0.745242 0.000000 0.000000 0.000000
0.745730 0.000000 0.000000 0.000000
0.746218 0.000000 0.000000 0.000000
0.746706 0.000000 0.000000 0.000000
0.747194 0.000000 0.000000 0.000000
0.747682 0.000000 0.000000 0.000000
0.748170 0.000000 0.000000 0.000000
0.748658 0.000000 0.000000 0.000000
0.749146 0.000000 0.000000 0.000000
0.749634 0.000000 0.000000 0.000000
0.750122 0.000000 0.000000 0.000000
0.750610 0.000000 0.000000 0.000000
0.751098 0.000000 0.000000 0.000000
0.751586 0.000000 0.000000 0.000000
0.752074 0.000000 0.000000 0.000000
0.752562 0.000000 0.000000 0.000000
0.753050 0.000000 0.000000 0.000000
0.753538 0.000000 0.000000 0.000000
0.754026 0.000000 0.000000 0.000000
0.754514 0.000000 0.000000 0.000000
0.755002 0.000000 0.000000 0.000000
0.755490 0.000000 0.000000 0.000000
0.755979 0.000000 0.000000 0.000000
0.756467 0.000000 0.000000 0.000000
0.756955 0.000000 0.000000 0.000000
0.757443 0.000000 0.000000 0.000000
0.757931 0.000000 0.000000 0.000000
0.758419 0.000000 0.000000 0.000000
0.758907 0.000000 0.000000 0.000000
0.759395 0.000000 0.000000 0.000000
0.759883 0.000000 0.000000 0.000000
0.760371 0.000000 0.000000 0.000000
0.760859 0.000000 0.000000 0.000000
0.761347 0.000000 0.000000 0.000000
0.761835 0.000000 0.000000 0.000000
0.762323 0.000000 0.000000 0.000000
0.762811 0.000000 0.000000 0.000000
0.763299 0.000000 0.000000 0.000000
0.763787 0.000000 0.000000 0.000000
0.764275 0.000000 0.000000 0.000000
0.764763 0.000000 0.000000 0.000000
0.765251 0.000000 0.000000 0.000000
0.765739 0.000000 0.000000 0.000000
0.766227 0.000000 0.000000 0.000000
0.766715 0.000000 0.000000 0.000000
0.767204 0.000000 0.000000 0.000000
0.767692 0.000000 0.000000 0.000000
0.768180 0.000000 0.000000 0.000000
0.768668 0.000000 0.000000 0.000000
0.769156 0.000000 0.000000 0.000000
0.769644 0.000000 0.000000 0.000000
0.770132 0.000000 0.000000 0.000000
0.770620 0.000000 0.000000 0.000000
0.771108 0.000000 0.000000 0.000000
0.771596 0.000000 0.000000 0.000000
0.772084 0.000000 0.000000 0.000000
0.772572 0.000000 0.000000 0.000000
0.773060 0.000000 0.000000 0.000000
0.773548 0.000000 0.000000 0.000000
0.774036 0.000000 0.000000 0.000000
0.774524 0.000000 0.000000 0.000000
0.775012 0.000000 0.000000 0.000000
0.775500 0.000000 0.000000 0.000000
0.775988 0.000000 0.000000 0.000000
0.776476 0.000000 0.000000 0.000000
0.776964 0.000000 0.000000 0.000000
0.777452 0.000000 0.000000 0.000000
0.777940 0.000000 0.000000 0.000000
0.778429 0.000000 0.000000 0.000000
0.778917 0.000000 0.000000 0.000000
0.779405 0.000000 0.000000 0.000000
0.779893 0.000000 0.000000 0.000000
0.780381 0.000000 0.000000 0.000000
0.780869 0.000000 0.000000 0.000000
0.781357 0.000000 0.000000 0.000000
0.781845 0.000000 0.000000 0.000000
0.782333 0.000000 0.000000 0.000000
0.782821 0.000000 0.000000 0.000000
0.783309 0.000000 0.000000 0.000000
0.783797 0.000000 0.000000 0.000000
0.784285 0.000000 0.000000 0.000000
0.784773 0.000000 0.000000 0.000000
0.785261 0.000000 0.000000 0.000000
0.785749 0.000000 0.000000 0.000000
0.786237 0.000000 0.000000 0.000000
0.786725 0.000000 0.000000 0.000000
0.787213 0.000000 0.000000 0.000000
0.787701 0.000000 0.000000 0.000000
0.788189 0.000000 0.000000 0.000000
0.788677 0.000000 0.000000 0.000000
0.789165 0.000000 0.000000 0.000000
0.789653 0.000000 0.000000 0.000000
0.790142 0.000000 0.000000 0.000000
0.790630 0.000000 0.000000 0.000000
0.791118 0.000000 0.000000 0.000000
0.791606 0.000000 0.000000 0.000000
0.792094 0.000000 0.000000 0.000000
0.792582 0.000000 0.000000 0.000000
0.793070 0.000000 0.000000 0.000000
0.793558 0.000000 0.000000 0.000000
0.794046 0.000000 0.000000 0.000000
0.794534 0.000000 0.000000 0.000000
0.795022 0.000000 0.000000 0.000000
0.795510 0.000000 0.000000 0.000000
0.795998 0.000000 0.000000 0.000000
0.796486 0.000000 0.000000 0.000000
0.796974 0.000000 0.000000 0.000000
0.797462 0.000000 0.000000 0.000000
0.797950 0.000000 0.000000 0.000000
0.798438 0.000000 0.000000 0.000000
0.798926 0.000000 0.000000 0.000000
0.799414 0.000000 0.000000 0.000000
0.799902 0.000000 0.000000 0.000000
0.800390 0.000000 0.000000 0.000000
0.800878 0.000000 0.000000 0.000000
0.801367 0.000000 0.000000 0.000000
0.801855 0.000000 0.000000 0.000000
0.802343 0.000000 0.000000 0.000000
0.802831 0.000000 0.000000 0.000000
0.803319 0.000000 0.000000 0.000000
0.803807 0.000000 0.000000 0.000000
0.804295 0.000000 0.000000 0.000000
0.804783 0.000000 0.000000 0.000000
0.805271 0.000000 0.000000 0.000000
0.805759 0.000000 0.000000 0.000000
0.806247 0.000000 0.000000 0.000000
0.806735 0.000000 0.000000 0.000000
0.807223 0.000000 0.000000 0.000000
0.807711 0.000000 0.000000 0.000000
0.808199 0.000000 0.000000 0.000000
0.808687 0.000000 0.000000 0.000000
0.809175 0.000000 0.000000 0.000000
0.809663 0.000000 0.000000 0.000000
0.810151 0.000000 0.000000 0.000000
0.810639 0.000000 0.000000 0.000000
0.811127 0.000000 0.000000 0.000000
0.811615 0.000000 0.000000 0.000000
0.812103 0.000000 0.000000 0.000000
0.812592 0.000000 0.000000 0.000000
0.813080 0.000000 0.000000 0.000000
0.813568 0.000000 0.000000 0.000000
0.814056 0.000000 0.000000 0.000000
0.814544 0.000000 0.000000 0.000000
0.815032 0.000000 0.000000 0.000000
0.815520 0.000000 0.000000 0.000000
0.816008 0.000000 0.000000 0.000000
0.816496 0.000000 0.000000 0.000000
0.816984 0.000000 0.000000 0.000000
0.817472 0.000000 0.000000 0.000000
0.817960 0.000000 0.000000 0.000000
0.818448 0.000000 0.000000 0.000000
0.818936 0.000000 0.000000 0.000000
0.819424 0.000000 0.000000 0.000000
0.819912 0.000000 0.000000 0.000000
0.820400 0.000000 0.000000 0.000000
0.820888 0.000000 0.000000 0.000000
0.821376 0.000000 0.000000 0.000000
0.821864 0.000000 0.000000 0.000000
0.822352 0.000000 0.000000 0.000000
0.822840 0.000000 0.000000 0.000000
0.823328 0.000000 0.000000 0.000000
0.823816 0.000000 0.000000 0.000000
0.824305 0.000000 0.000000 0.000000
0.824793 0.000000 0.000000 0.000000
0.825281 0.000000 0.000000 0.000000
0.825769 0.000000 0.000000 0.000000
0.826257 0.000000 0.000000 0.000000
0.826745 0.000000 0.000000 0.000000
0.827233 0.000000 0.000000 0.000000
0.827721 0.000000 0.000000 0.000000
0.828209 0.000000 0.000000 0.000000
0.828697 0.000000 0.000000 0.000000
0.829185 0.000000 0.000000 0.000000
0.829673 0.000000 0.000000 0.000000
0.830161 0.000000 0.000000 0.000000
0.830649 0.000000 0.000000 0.000000
0.831137 0.000000 0.000000 0.000000
0.831625 0.000000 0.000000 0.000000
0.832113 0.000000 0.000000 0.000000
0.832601 0.000000 0.000000 0.000000
0.833089 0.000000 0.000000 0.000000
0.833577 0.000000 0.000000 0.000000
0.834065 0.000000 0.000000 0.000000
0.834553 0.000000 0.000000 0.000000
0.835041 0.000000 0.000000 0.000000
0.835530 0.000000 0.000000 0.000000
0.836018 0.000000 0.000000 0.000000
0.836506 0.000000 0.000000 0.000000
0.836994 0.000000 0.000000 0.000000
0.837482 0.000000 0.000000 0.000000
0.837970 0.000000 0.000000 0.000000
0.838458 0.000000 0.000000 0.000000
0.838946 0.000000 0.000000 0.000000
0.839434 0.000000 0.000000 0.000000
0.839922 0.000000 0.000000 0.000000
0.840410 0.000000 0.000000 0.000000
0.840898 0.000000 0.000000 0.000000
0.841386 0.000000 0.000000 0.000000
0.841874 0.000000 0.000000 0.000000
0.842362 0.000000 0.000000 0.000000
0.842850 0.000000 0.000000 0.000000
0.843338 0.000000 0.000000 0.000000
0.843826 0.000000 0.000000 0.000000
0.844314 0.000000 0.000000 0.000000
0.844802 0.000000 0.000000 0.000000
0.845290 0.000000 0.000000 0.000000
0.845778 0.000000 0.000000 0.000000
0.846266 0.000000 0.000000 0.000000
0.846755 0.000000 0.000000 0.000000
0.847243 0.000000 0.000000 0.000000
0.847731 0.000000 0.000000 0.000000
0.848219 0.000000 0.000000 0.000000
0.848707 0.000000 0.000000 0.000000
0.849195 0.000000 0.000000 0.000000
0.849683 0.000000 0.000000 0.000000
0.850171 0.000000 0.000000 0.000000
0.850659 0.000000 0.000000 0.000000
0.851147 0.000000 0.000000 0.000000
0.851635 0.000000 0.000000 0.000000
0.852123 0.000000 0.000000 0.000000
0.852611 0.000000 0.000000 0.000000
0.853099 0.000000 0.000000 0.000000
0.853587 0.000000 0.000000 0.000000
0.854075 0.000000 0.000000 0.000000
0.854563 0.000000 0.000000 0.000000
0.855051 0.000000 0.000000 0.000000
0.855539 0.000000 0.000000 0.000000
0.856027 0.000000 0.000000 0.000000
0.856515 0.000000 0.000000 0.000000
0.857003 0.000000 0.000000 0.000000
0.857491 0.000000 0.000000 0.000000
0.857980 0.000000 0.000000 0.000000
0.858468 0.000000 0.000000 0.000000
0.858956 0.000000 0.000000 0.000000
0.859444 0.000000 0.000000 0.000000
0.859932 0.000000 0.000000 0.000000
0.860420 0.000000 0.000000 0.000000
0.860908 0.000000 0.000000 0.000000
0.861396 0.000000 0.000000 0.000000
0.861884 0.000000 0.000000 0.000000
0.862372 0.000000 0.000000 0.000000
0.862860 0.000000 0.000000 0.000000
0.863348 0.000000 0.000000 0.000000
0.863836 0.000000 0.000000 0.000000
0.864324 0.000000 0.000000 0.000000
0.864812 0.000000 0.000000 0.000000
0.865300 0.000000 0.000000 0.000000
0.865788 0.000000 0.000000 0.000000
0.866276 0.000000 0.000000 0.000000
0.866764 0.000000 0.000000 0.000000
0.867252 0.000000 0.000000 0.000000
0.867740 0.000000 0.000000 0.000000
0.868228 0.000000 0.000000 0.000000
0.868716 0.000000 0.000000 0.000000
0.869204 0.000000 0.000000 0.000000
0.869693 0.000000 0.000000 0.000000
0.870181 0.000000 0.000000 0.000000
0.870669 0.000000 0.000000 0.000000
0.871157 0.000000 0.000000 0.000000
0.871645 0.000000 0.000000 0.000000
0.872133 0.000000 0.000000 0.000000
0.872621 0.000000 0.000000 0.000000
0.873109 0.000000 0.000000 0.000000
0.873597 0.000000 0.000000 0.000000
0.874085 0.000000 0.000000 0.000000
0.874573 0.000000 0.000000 0.000000
0.875061 0.000000 0.000000 0.000000
0.875549 0.000000 0.000000 0.000000
0.876037 0.000000 0.000000 0.000000
0.876525 0.000000 0.000000 0.000000
0.877013 0.000000 0.000000 0.000000
0.877501 0.000000 0.000000 0.000000
0.877989 0.000000 0.000000 0.000000
0.878477 0.000000 0.000000 0.000000
0.878965 0.000000 0.000000 0.000000
0.879453 0.000000 0.000000 0.000000
0.879941 0.000000 0.000000 0.000000
0.880429 0.000000 0.000000 0.000000
0.880918 0.000000 0.000000 0.000000
0.881406 0.000000 0.000000 0.000000
0.881894 0.000000 0.000000 0.000000
0.882382 0.000000 0.000000 0.000000
0.882870 0.000000 0.000000 0.000000
0.883358 0.000000 0.000000 0.000000
0.883846 0.000000 0.000000 0.000000
0.884334 0.000000 0.000000 0.000000
0.884822 0.000000 0.000000 0.000000
0.885310 0.000000 0.000000 0.000000
0.885798 0.000000 0.000000 0.000000
0.886286 0.000000 0.000000 0.000000
0.886774 0.000000 0.000000 0.000000
0.887262 0.000000 0.000000 0.000000
0.887750 0.000000 0.000000 0.000000
0.888238 0.000000 0.000000 0.000000
0.888726 0.000000 0.000000 0.000000
0.889214 0.000000 0.000000 0.000000
0.889702 0.000000 0.000000 0.000000
0.890190 0.000000 0.000000 0.000000
0.890678 0.000000 0.000000 0.000000
0.891166 0.000000 0.000000 0.000000
0.891654 0.000000 0.000000 0.000000
0.892143 0.000000 0.000000 0.000000
0.892631 0.000000 0.000000 0.000000
0.893119 0.000000 0.000000 0.000000
0.893607 0.000000 0.000000 0.000000
0.894095 0.000000 0.000000 0.000000
0.894583 0.000000 0.000000 0.000000
0.895071 0.000000 0.000000 0.000000
0.895559 0.000000 0.000000 0.000000
0.896047 0.000000 0.000000 0.000000
0.896535 0.000000 0.000000 0.000000
0.897023 0.000000 0.000000 0.000000
0.897511 0.000000 0.000000 0.000000
0.897999 0.000000 0.000000 0.000000
0.898487 0.000000 0.000000 0.000000
0.898975 0.000000 0.000000 0.000000
0.899463 0.000000 0.000000 0.000000
0.899951 0.000000 0.000000 0.000000
0.900439 0.000000 0.000000 0.000000
0.900927 0.000000 0.000000 0.000000
0.901415 0.000000 0.000000 0.000000
0.901903 0.000000 0.000000 0.000000
0.902391 0.000000 0.000000 0.000000
0.902879 0.000000 0.000000 0.000000
0.903367 0.000000 0.000000 0.000000
0.903856 0.000000 0.000000 0.000000
0.904344 0.000000 0.000000 0.000000
0.904832 0.000000 0.000000 0.000000
0.905320 0.000000 0.000000 0.000000
0.905808 0.000000 0.000000 0.000000
0.906296 0.000000 0.000000 0.000000
0.906784 0.000000 0.000000 0.000000
0.907272 0.000000 0.000000 0.000000
0.907760 0.000000 0.000000 0.000000
0.908248 0.000000 0.000000 0.000000
0.908736 0.000000 0.000000 0.000000
0.909224 0.000000 0.000000 0.000000
0.909712 0.000000 0.000000 0.000000
0.910200 0.000000 0.000000 0.000000
0.910688 0.000000 0.000000 0.000000
0.911176 0.000000 0.000000 0.000000
0.911664 0.000000 0.000000 0.000000
0.912152 0.000000 0.000000 0.000000
0.912640 0.000000 0.000000 0.000000
0.913128 0.000000 0.000000 0.000000
0.913616 0.000000 0.000000 0.000000
0.914104 0.000000 0.000000 0.000000
0.914592 0.000000 0.000000 0.000000
0.915081 0.000000 0.000000 0.000000
0.915569 0.000000 0.000000 0.000000
0.916057 0.000000 0.000000 0.000000
0.916545 0.000000 0.000000 0.000000
0.917033 0.000000 0.000000 0.000000
0.917521 0.000000 0.000000 0.000000
0.918009 0.000000 0.000000 0.000000
0.918497 0.000000 0.000000 0.000000
0.918985 0.000000 0.000000 0.000000
0.919473 0.000000 0.000000 0.000000
0.919961 0.000000 0.000000 0.000000
0.920449 0.000000 0.000000 0.000000
0.920937 0.000000 0.000000 0.000000
0.921425 0.000000 0.000000 0.000000
0.921913 0.000000 0.000000 0.000000
0.922401 0.000000 0.000000 0.000000
0.922889 0.000000 0.000000 0.000000
0.923377 0.000000 0.000000 0.000000
0.923865 0.000000 0.000000 0.000000
0.924353 0.000000 0.000000 0.000000
0.924841 0.000000 0.000000 0.000000
0.925329 0.000000 0.000000 0.000000
0.925817 0.000000 0.000000 0.000000
0.926306 0.000000 0.000000 0.000000
0.926794 0.000000 0.000000 0.000000
0.927282 0.000000 0.000000 0.000000
0.927770 0.000000 0.000000 0.000000
0.928258 0.000000 0.000000 0.000000
0.928746 0.000000 0.000000 0.000000
0.929234 0.000000 0.000000 0.000000
0.929722 0.000000 0.000000 0.000000
0.930210 0.000000 0.000000 0.000000
0.930698 0.000000 0.000000 0.000000
0.931186 0.000000 0.000000 0.000000
0.931674 0.000000 0.000000 0.000000
0.932162 0.000000 0.000000 0.000000
0.932650 0.000000 0.000000 0.000000
0.933138 0.000000 0.000000 0.000000
0.933626 0.000000 0.000000 0.000000
0.934114 0.000000 0.000000 0.000000
0.934602 0.000000 0.000000 0.000000
0.935090 0.000000 0.000000 0.000000
0.935578 0.000000 0.000000 0.000000
0.936066 0.000000 0.000000 0.000000
0.936554 0.000000 0.000000 0.000000
0.937042 0.000000 0.000000 0.000000
0.937531 0.000000 0.000000 0.000000
0.938019 0.000000 0.000000 0.000000
0.938507 0.000000 0.000000 0.000000
0.938995 0.000000 0.000000 0.000000
0.939483 0.000000 0.000000 0.000000
0.939971 0.000000 0.000000 0.000000
0.940459 0.000000 0.000000 0.000000
0.940947 0.000000 0.000000 0.000000
0.941435 0.000000 0.000000 0.000000
0.941923 0.000000 0.000000 0.000000
0.942411 0.000000 0.000000 0.000000
0.942899 0.000000 0.000000 0.000000
0.943387 0.000000 0.000000 0.000000
0.943875 0.000000 0.000000 0.000000
0.944363 0.000000 0.000000 0.000000
0.944851 0.000000 0.000000 0.000000
0.945339 0.000000 0.000000 0.000000
0.945827 0.000000 0.000000 0.000000
0.946315 0.000000 0.000000 0.000000
0.946803 0.000000 0.000000 0.000000
0.947291 0.000000 0.000000 0.000000
0.947779 0.000000 0.000000 0.000000
0.948267 0.000000 0.000000 0.000000
0.948755 0.000000 0.000000 0.000000
0.949244 0.000000 0.000000 0.000000
0.949732 0.000000 0.000000 0.000000
0.950220 0.000000 0.000000 0.000000
0.950708 0.000000 0.000000 0.000000
0.951196 0.000000 0.000000 0.000000
0.951684 0.000000 0.000000 0.000000
0.952172 0.000000 0.000000 0.000000
0.952660 0.000000 0.000000 0.000000
0.953148 0.000000 0.000000 0.000000
0.953636 0.000000 0.000000 0.000000
0.954124 0.000000 0.000000 0.000000
0.954612 0.000000 0.000000 0.000000
0.955100 0.000000 0.000000 0.000000
0.955588 0.000000 0.000000 0.000000
0.956076 0.000000 0.000000 0.000000
0.956564 0.000000 0.000000 0.000000
0.957052 0.000000 0.000000 0.000000
0.957540 0.000000 0.000000 0.000000
0.958028 0.000000 0.000000 0.000000
0.958516 0.000000 0.000000 0.000000
0.959004 0.000000 0.000000 0.000000
0.959492 0.000000 0.000000 0.000000
0.959980 0.000000 0.000000 0.000000
0.960469 0.000000 0.000000 0.000000
0.960957 0.000000 0.000000 0.000000
0.961445 0.000000 0.000000 0.000000
0.961933 0.000000 0.000000 0.000000
0.962421 0.000000 0.000000 0.000000
0.962909 0.000000 0.000000 0.000000
0.963397 0.000000 0.000000 0.000000
0.963885 0.000000 0.000000 0.000000
0.964373 0.000000 0.000000 0.000000
0.964861 0.000000 0.000000 0.000000
0.965349 0.000000 0.000000 0.000000
0.965837 0.000000 0.000000 0.000000
0.966325 0.000000 0.000000 0.000000
0.966813 0.000000 0.000000 0.000000
0.967301 0.000000 0.000000 0.000000
0.967789 0.000000 0.000000 0.000000
0.968277 0.000000 0.000000 0.000000
0.968765 0.000000 0.000000 0.000000
0.969253 0.000000 0.000000 0.000000
0.969741 0.000000 0.000000 0.000000
0.970229 0.000000 0.000000 0.000000
0.970717 0.000000 0.000000 0.000000
0.971205 0.000000 0.000000 0.000000
0.971694 0.000000 0.000000 0.000000
0.972182 0.000000 0.000000 0.000000
0.972670 0.000000 0.000000 0.000000
0.973158 0.000000 0.000000 0.000000
0.973646 0.000000 0.000000 0.000000
0.974134 0.000000 0.000000 0.000000
0.974622 0.000000 0.000000 0.000000
0.975110 0.000000 0.000000 0.000000
0.975598 0.000000 0.000000 0.000000
0.976086 0.000000 0.000000 0.000000
0.976574 0.000000 0.000000 0.000000
0.977062 0.000000 0.000000 0.000000
0.977550 0.000000 0.000000 0.000000
0.978038 0.000000 0.000000 0.000000
0.978526 0.000000 0.000000 0.000000
0.979014 0.000000 0.000000 0.000000
0.979502 0.000000 0.000000 0.000000
0.979990 0.000000 0.000000 0.000000
0.980478 0.000000 0.000000 0.000000
0.980966 0.000000 0.000000 0.000000
0.981454 0.000000 0.000000 0.000000
0.981942 0.000000 0.000000 0.000000
0.982430 0.000000 0.000000 0.000000
0.982918 0.000000 0.000000 0.000000
0.983407 0.000000 0.000000 0.000000
0.983895 0.000000 0.000000 0.000000
0.984383 0.000000 0.000000 0.000000
0.984871 0.000000 0.000000 0.000000
0.985359 0.000000 0.000000 0.000000
0.985847 0.000000 0.000000 0.000000
0.986335 0.000000 0.000000 0.000000
0.986823 0.000000 0.000000 0.000000
0.987311 0.000000 0.000000 0.000000
0.987799 0.000000 0.000000 0.000000
0.988287 0.000000 0.000000 0.000000
0.988775 0.000000 0.000000 0.000000
0.989263 0.000000 0.000000 0.000000
0.989751 0.000000 0.000000 0.000000
0.990239 0.000000 0.000000 0.000000
0.990727 0.000000 0.000000 0.000000
0.991215 0.000000 0.000000 0.000000
0.991703 0.000000 0.000000 0.000000
0.992191 0.000000 0.000000 0.000000
0.992679 0.000000 0.000000 0.000000
0.993167 0.000000 0.000000 0.000000
0.993655 0.000000 0.000000 0.000000
0.994143 0.000000 0.000000 0.000000
0.994632 0.000000 0.000000 0.000000
0.995120 0.000000 0.000000 0.000000
0.995608 0.000000 0.000000 0.000000
0.996096 0.000000 0.000000 0.000000
0.996584 0.000000 0.000000 0.000000
0.997072 0.000000 0.000000 0.000000
0.997560 0.000000 0.000000 0.000000
0.998048 0.000000 0.000000 0.000000
0.998536 0.000000 0.000000 0.000000
0.999024 0.000000 0.000000 0.000000
