0.000000 0.000000 0.000000
0.007752 0.000000 0.000000
0.015504 0.000000 0.000000
0.023256 0.000000 0.000000
0.031008 0.000000 0.000000
0.038760 0.000000 0.000000
0.046512 0.000000 0.000000
0.054264 0.000000 0.000000
0.062016 0.000000 0.000000
0.069767 0.000000 0.000000
0.077519 0.000000 0.000000
0.085271 0.000000 0.000000
0.093023 0.000000 0.000000
0.100775 0.000000 0.000000
0.108527 0.000000 0.000000
0.116279 0.000000 0.000000
0.124031 0.000000 0.000000
0.131783 0.000000 0.000000
0.139535 0.000000 0.000000
0.147287 0.000000 0.000000
0.155039 0.000000 0.000000
0.162791 0.000000 0.000000
0.170543 0.000000 0.000000
0.178295 0.000000 0.000000
0.186047 0.000000 0.000000
0.193798 0.000000 0.000000
0.201550 0.000000 0.000000
0.209302 0.000000 0.000000
0.217054 0.000000 0.000000
0.224806 0.000000 0.000000
0.232558 0.000000 0.000000
0.240310 0.000000 0.000000
0.248062 0.000000 0.000000
0.255814 0.000000 0.000000
0.263566 0.000000 0.000000
0.271318 0.000000 0.000000
0.279070 0.000000 0.000000
0.286822 0.000000 0.000000
0.294574 0.000000 0.000000
0.302326 0.000000 0.100000
0.310078 0.000000 1.000000
0.317829 0.000000 1.000000
0.325581 0.000000 1.000000
0.333333 0.000000 1.000000
0.341085 0.000000 1.000000
0.348837 0.000000 1.000000
0.356589 0.000000 1.000000
0.364341 0.000000 1.000000
0.372093 0.000000 1.000000
0.379845 0.000000 1.000000
0.387597 0.000000 1.000000
0.395349 0.000000 1.000000
0.403101 0.000000 1.000000
0.410853 0.000000 1.000000
0.418605 0.000000 1.000000
0.426357 0.000000 1.000000
0.434109 0.000000 1.000000
0.441860 0.000000 1.000000
0.449612 0.000000 1.000000
0.457364 0.000000 1.000000
0.465116 0.000000 1.000000
0.472868 0.000000 1.000000
0.480620 0.000000 1.000000
0.488372 0.000000 1.000000
0.496124 0.000000 1.000000
0.503876 0.000000 1.000000
0.511628 0.000000 1.000000
0.519380 0.000000 1.000000
0.527132 0.000000 1.000000
0.534884 0.000000 1.000000
0.542636 0.000000 1.000000
0.550388 0.000000 1.000000
0.558140 0.000000 1.000000
0.565891 0.000000 1.000000
0.573643 0.000000 1.000000
0.581395 0.000000 1.000000
0.589147 0.000000 1.000000
0.596899 0.000000 1.000000
0.604651 0.000000 1.000000
0.612403 0.000000 1.000000
0.620155 0.000000 1.000000
0.627907 0.000000 1.000000
0.635659 0.000000 1.000000
0.643411 0.000000 1.000000
0.651163 0.000000 1.000000
0.658915 0.000000 1.000000
0.666667 0.000000 1.000000
0.674419 0.000000 1.000000
0.682171 0.000000 1.000000
0.689922 0.000000 1.000000
0.697674 0.000000 1.000000
0.705426 0.000000 1.000000
0.713178 0.000000 1.000000
0.720930 0.000000 1.000000
0.728682 0.000000 1.000000
0.736434 0.000000 1.000000
0.744186 0.000000 1.000000
0.751938 0.000000 1.000000
0.759690 0.000000 1.000000
0.767442 0.000000 1.000000
0.775194 0.000000 1.000000
0.782946 0.000000 1.000000
0.790698 0.000000 1.000000
0.798450 0.000000 1.000000
0.806202 0.000000 1.000000
0.813953 0.000000 1.000000
0.821705 0.000000 1.000000
0.829457 0.000000 1.000000
0.837209 0.000000 1.000000
0.844961 0.000000 1.000000
0.852713 0.000000 1.000000
0.860465 0.000000 1.000000
0.868217 0.000000 1.000000
0.875969 0.000000 1.000000
0.883721 0.000000 1.000000
0.891473 0.000000 1.000000
0.899225 0.000000 1.000000
0.906977 0.000000 1.000000
0.914729 0.000000 1.000000
0.922481 0.000000 1.000000
0.930233 0.000000 1.000000
0.937984 0.000000 1.000000
0.945736 0.000000 1.000000
0.953488 0.000000 1.000000
0.961240 0.000000 1.000000
0.968992 0.000000 1.000000
0.976744 0.000000 1.000000
0.984496 0.000000 1.000000
0.000000 0.006977 0.000000
0.007752 0.006977 0.000000
0.015504 0.006977 0.000000
0.023256 0.006977 0.000000
0.031008 0.006977 0.000000
0.038760 0.006977 0.000000
0.046512 0.006977 0.000000
0.054264 0.006977 0.000000
0.062016 0.006977 0.000000
0.069767 0.006977 0.000000
0.077519 0.006977 0.000000
0.085271 0.006977 0.000000
0.093023 0.006977 0.000000
0.100775 0.006977 0.000000
0.108527 0.006977 0.000000
0.116279 0.006977 0.000000
0.124031 0.006977 0.000000
0.131783 0.006977 0.000000
0.139535 0.006977 0.000000
0.147287 0.006977 0.000000
0.155039 0.006977 0.000000
0.162791 0.006977 0.000000
0.170543 0.006977 0.000000
0.178295 0.006977 0.000000
0.186047 0.006977 0.000000
0.193798 0.006977 0.000000
0.201550 0.006977 0.000000
0.209302 0.006977 0.000000
0.217054 0.006977 0.000000
0.224806 0.006977 0.000000
0.232558 0.006977 0.000000
0.240310 0.006977 0.000000
0.248062 0.006977 0.000000
0.255814 0.006977 0.000000
0.263566 0.006977 0.000000
0.271318 0.006977 0.000000
0.279070 0.006977 0.000000
0.286822 0.006977 0.000000
0.294574 0.006977 0.000000
0.302326 0.006977 0.010000
0.310078 0.006977 0.190000
0.317829 0.006977 1.000000
0.325581 0.006977 1.000000
0.333333 0.006977 1.000000
0.341085 0.006977 1.000000
0.348837 0.006977 1.000000
0.356589 0.006977 1.000000
0.364341 0.006977 1.000000
0.372093 0.006977 1.000000
0.379845 0.006977 1.000000
0.387597 0.006977 1.000000
0.395349 0.006977 1.000000
0.403101 0.006977 1.000000
0.410853 0.006977 1.000000
0.418605 0.006977 1.000000
0.426357 0.006977 1.000000
0.434109 0.006977 1.000000
0.441860 0.006977 1.000000
0.449612 0.006977 1.000000
0.457364 0.006977 1.000000
0.465116 0.006977 1.000000
0.472868 0.006977 1.000000
0.480620 0.006977 1.000000
0.488372 0.006977 1.000000
0.496124 0.006977 1.000000
0.503876 0.006977 1.000000
0.511628 0.006977 1.000000
0.519380 0.006977 1.000000
0.527132 0.006977 1.000000
0.534884 0.006977 1.000000
0.542636 0.006977 1.000000
0.550388 0.006977 1.000000
0.558140 0.006977 1.000000
0.565891 0.006977 1.000000
0.573643 0.006977 1.000000
0.581395 0.006977 1.000000
0.589147 0.006977 1.000000
0.596899 0.006977 1.000000
0.604651 0.006977 1.000000
0.612403 0.006977 1.000000
0.620155 0.006977 1.000000
0.627907 0.006977 1.000000
0.635659 0.006977 1.000000
0.643411 0.006977 1.000000
0.651163 0.006977 1.000000
0.658915 0.006977 1.000000
0.666667 0.006977 1.000000
0.674419 0.006977 1.000000
0.682171 0.006977 1.000000
0.689922 0.006977 1.000000
0.697674 0.006977 1.000000
0.705426 0.006977 1.000000
0.713178 0.006977 1.000000
0.720930 0.006977 1.000000
0.728682 0.006977 1.000000
0.736434 0.006977 1.000000
0.744186 0.006977 1.000000
0.751938 0.006977 1.000000
0.759690 0.006977 1.000000
0.767442 0.006977 1.000000
0.775194 0.006977 1.000000
0.782946 0.006977 1.000000
0.790698 0.006977 1.000000
0.798450 0.006977 1.000000
0.806202 0.006977 1.000000
0.813953 0.006977 1.000000
0.821705 0.006977 1.000000
0.829457 0.006977 1.000000
0.837209 0.006977 1.000000
0.844961 0.006977 1.000000
0.852713 0.006977 1.000000
0.860465 0.006977 1.000000
0.868217 0.006977 1.000000
0.875969 0.006977 1.000000
0.883721 0.006977 1.000000
0.891473 0.006977 1.000000
0.899225 0.006977 1.000000
0.906977 0.006977 1.000000
0.914729 0.006977 1.000000
0.922481 0.006977 1.000000
0.930233 0.006977 1.000000
0.937984 0.006977 1.000000
0.945736 0.006977 1.000000
0.953488 0.006977 1.000000
0.961240 0.006977 1.000000
0.968992 0.006977 1.000000
0.976744 0.006977 1.000000
0.984496 0.006977 1.000000
0.000000 0.013953 0.000000
0.007752 0.013953 0.000000
0.015504 0.013953 0.000000
0.023256 0.013953 0.000000
0.031008 0.013953 0.000000
0.038760 0.013953 0.000000
0.046512 0.013953 0.000000
0.054264 0.013953 0.000000
0.062016 0.013953 0.000000
0.069767 0.013953 0.000000
0.077519 0.013953 0.000000
0.085271 0.013953 0.000000
0.093023 0.013953 0.000000
0.100775 0.013953 0.000000
0.108527 0.013953 0.000000
0.116279 0.013953 0.000000
0.124031 0.013953 0.000000
0.131783 0.013953 0.000000
0.139535 0.013953 0.000000
0.147287 0.013953 0.000000
0.155039 0.013953 0.000000
0.162791 0.013953 0.000000
0.170543 0.013953 0.000000
0.178295 0.013953 0.000000
0.186047 0.013953 0.000000
0.193798 0.013953 0.000000
0.201550 0.013953 0.000000
0.209302 0.013953 0.000000
0.217054 0.013953 0.000000
0.224806 0.013953 0.000000
0.232558 0.013953 0.000000
0.240310 0.013953 0.000000
0.248062 0.013953 0.000000
0.255814 0.013953 0.000000
0.263566 0.013953 0.000000
0.271318 0.013953 0.000000
0.279070 0.013953 0.000000
0.286822 0.013953 0.000000
0.294574 0.013953 0.000000
0.302326 0.013953 0.001000
0.310078 0.013953 0.028000
0.317829 0.013953 0.271000
0.325581 0.013953 1.000000
0.333333 0.013953 1.000000
0.341085 0.013953 1.000000
0.348837 0.013953 1.000000
0.356589 0.013953 1.000000
0.364341 0.013953 1.000000
0.372093 0.013953 1.000000
0.379845 0.013953 1.000000
0.387597 0.013953 1.000000
0.395349 0.013953 1.000000
0.403101 0.013953 1.000000
0.410853 0.013953 1.000000
0.418605 0.013953 1.000000
0.426357 0.013953 1.000000
0.434109 0.013953 1.000000
0.441860 0.013953 1.000000
0.449612 0.013953 1.000000
0.457364 0.013953 1.000000
0.465116 0.013953 1.000000
0.472868 0.013953 1.000000
0.480620 0.013953 1.000000
0.488372 0.013953 1.000000
0.496124 0.013953 1.000000
0.503876 0.013953 1.000000
0.511628 0.013953 1.000000
0.519380 0.013953 1.000000
0.527132 0.013953 1.000000
0.534884 0.013953 1.000000
0.542636 0.013953 1.000000
0.550388 0.013953 1.000000
0.558140 0.013953 1.000000
0.565891 0.013953 1.000000
0.573643 0.013953 1.000000
0.581395 0.013953 1.000000
0.589147 0.013953 1.000000
0.596899 0.013953 1.000000
0.604651 0.013953 1.000000
0.612403 0.013953 1.000000
0.620155 0.013953 1.000000
0.627907 0.013953 1.000000
0.635659 0.013953 1.000000
0.643411 0.013953 1.000000
0.651163 0.013953 1.000000
0.658915 0.013953 1.000000
0.666667 0.013953 1.000000
0.674419 0.013953 1.000000
0.682171 0.013953 1.000000
0.689922 0.013953 1.000000
0.697674 0.013953 1.000000
0.705426 0.013953 1.000000
0.713178 0.013953 1.000000
0.720930 0.013953 1.000000
0.728682 0.013953 1.000000
0.736434 0.013953 1.000000
0.744186 0.013953 1.000000
0.751938 0.013953 1.000000
0.759690 0.013953 1.000000
0.767442 0.013953 1.000000
0.775194 0.013953 1.000000
0.782946 0.013953 1.000000
0.790698 0.013953 1.000000
0.798450 0.013953 1.000000
0.806202 0.013953 1.000000
0.813953 0.013953 1.000000
0.821705 0.013953 1.000000
0.829457 0.013953 1.000000
0.837209 0.013953 1.000000
0.844961 0.013953 1.000000
0.852713 0.013953 1.000000
0.860465 0.013953 1.000000
0.868217 0.013953 1.000000
0.875969 0.013953 1.000000
0.883721 0.013953 1.000000
0.891473 0.013953 1.000000
0.899225 0.013953 1.000000
0.906977 0.013953 1.000000
0.914729 0.013953 1.000000
0.922481 0.013953 1.000000
0.930233 0.013953 1.000000
0.937984 0.013953 1.000000
0.945736 0.013953 1.000000
0.953488 0.013953 1.000000
0.961240 0.013953 1.000000
0.968992 0.013953 1.000000
0.976744 0.013953 1.000000
0.984496 0.013953 1.000000
0.000000 0.020930 0.000000
0.007752 0.020930 0.000000
0.015504 0.020930 0.000000
0.023256 0.020930 0.000000
0.031008 0.020930 0.000000
0.038760 0.020930 0.000000
0.046512 0.020930 0.000000
0.054264 0.020930 0.000000
0.062016 0.020930 0.000000
0.069767 0.020930 0.000000
0.077519 0.020930 0.000000
0.085271 0.020930 0.000000
0.093023 0.020930 0.000000
0.100775 0.020930 0.000000
0.108527 0.020930 0.000000
0.116279 0.020930 0.000000
0.124031 0.020930 0.000000
0.131783 0.020930 0.000000
0.139535 0.020930 0.000000
0.147287 0.020930 0.000000
0.155039 0.020930 0.000000
0.162791 0.020930 0.000000
0.170543 0.020930 0.000000
0.178295 0.020930 0.000000
0.186047 0.020930 0.000000
0.193798 0.020930 0.000000
0.201550 0.020930 0.000000
0.209302 0.020930 0.000000
0.217054 0.020930 0.000000
0.224806 0.020930 0.000000
0.232558 0.020930 0.000000
0.240310 0.020930 0.000000
0.248062 0.020930 0.000000
0.255814 0.020930 0.000000
0.263566 0.020930 0.000000
0.271318 0.020930 0.000000
0.279070 0.020930 0.000000
0.286822 0.020930 0.000000
0.294574 0.020930 0.000000
0.302326 0.020930 0.000100
0.310078 0.020930 0.003700
0.317829 0.020930 0.052300
0.325581 0.020930 0.343900
0.333333 0.020930 1.000000
0.341085 0.020930 1.000000
0.348837 0.020930 1.000000
0.356589 0.020930 1.000000
0.364341 0.020930 1.000000
0.372093 0.020930 1.000000
0.379845 0.020930 1.000000
0.387597 0.020930 1.000000
0.395349 0.020930 1.000000
0.403101 0.020930 1.000000
0.410853 0.020930 1.000000
0.418605 0.020930 1.000000
0.426357 0.020930 1.000000
0.434109 0.020930 1.000000
0.441860 0.020930 1.000000
0.449612 0.020930 1.000000
0.457364 0.020930 1.000000
0.465116 0.020930 1.000000
0.472868 0.020930 1.000000
0.480620 0.020930 1.000000
0.488372 0.020930 1.000000
0.496124 0.020930 1.000000
0.503876 0.020930 1.000000
0.511628 0.020930 1.000000
0.519380 0.020930 1.000000
0.527132 0.020930 1.000000
0.534884 0.020930 1.000000
0.542636 0.020930 1.000000
0.550388 0.020930 1.000000
0.558140 0.020930 1.000000
0.565891 0.020930 1.000000
0.573643 0.020930 1.000000
0.581395 0.020930 1.000000
0.589147 0.020930 1.000000
0.596899 0.020930 1.000000
0.604651 0.020930 1.000000
0.612403 0.020930 1.000000
0.620155 0.020930 1.000000
0.627907 0.020930 1.000000
0.635659 0.020930 1.000000
0.643411 0.020930 1.000000
0.651163 0.020930 1.000000
0.658915 0.020930 1.000000
0.666667 0.020930 1.000000
0.674419 0.020930 1.000000
0.682171 0.020930 1.000000
0.689922 0.020930 1.000000
0.697674 0.020930 1.000000
0.705426 0.020930 1.000000
0.713178 0.020930 1.000000
0.720930 0.020930 1.000000
0.728682 0.020930 1.000000
0.736434 0.020930 1.000000
0.744186 0.020930 1.000000
0.751938 0.020930 1.000000
0.759690 0.020930 1.000000
0.767442 0.020930 1.000000
0.775194 0.020930 1.000000
0.782946 0.020930 1.000000
0.790698 0.020930 1.000000
0.798450 0.020930 1.000000
0.806202 0.020930 1.000000
0.813953 0.020930 1.000000
0.821705 0.020930 1.000000
0.829457 0.020930 1.000000
0.837209 0.020930 1.000000
0.844961 0.020930 1.000000
0.852713 0.020930 1.000000
0.860465 0.020930 1.000000
0.868217 0.020930 1.000000
0.875969 0.020930 1.000000
0.883721 0.020930 1.000000
0.891473 0.020930 1.000000
0.899225 0.020930 1.000000
0.906977 0.020930 1.000000
0.914729 0.020930 1.000000
0.922481 0.020930 1.000000
0.930233 0.020930 1.000000
0.937984 0.020930 1.000000
0.945736 0.020930 1.000000
0.953488 0.020930 1.000000
0.961240 0.020930 1.000000
0.968992 0.020930 1.000000
0.976744 0.020930 1.000000
0.984496 0.020930 1.000000
0.000000 0.027907 0.000000
0.007752 0.027907 0.000000
0.015504 0.027907 0.000000
0.023256 0.027907 0.000000
0.031008 0.027907 0.000000
0.038760 0.027907 0.000000
0.046512 0.027907 0.000000
0.054264 0.027907 0.000000
0.062016 0.027907 0.000000
0.069767 0.027907 0.000000
0.077519 0.027907 0.000000
0.085271 0.027907 0.000000
0.093023 0.027907 0.000000
0.100775 0.027907 0.000000
0.108527 0.027907 0.000000
0.116279 0.027907 0.000000
0.124031 0.027907 0.000000
0.131783 0.027907 0.000000
0.139535 0.027907 0.000000
0.147287 0.027907 0.000000
0.155039 0.027907 0.000000
0.162791 0.027907 0.000000
0.170543 0.027907 0.000000
0.178295 0.027907 0.000000
0.186047 0.027907 0.000000
0.193798 0.027907 0.000000
0.201550 0.027907 0.000000
0.209302 0.027907 0.000000
0.217054 0.027907 0.000000
0.224806 0.027907 0.000000
0.232558 0.027907 0.000000
0.240310 0.027907 0.000000
0.248062 0.027907 0.000000
0.255814 0.027907 0.000000
0.263566 0.027907 0.000000
0.271318 0.027907 0.000000
0.279070 0.027907 0.000000
0.286822 0.027907 0.000000
0.294574 0.027907 0.000000
0.302326 0.027907 0.000010
0.310078 0.027907 0.000460
0.317829 0.027907 0.008560
0.325581 0.027907 0.081460
0.333333 0.027907 0.409510
0.341085 0.027907 1.000000
0.348837 0.027907 1.000000
0.356589 0.027907 1.000000
0.364341 0.027907 1.000000
0.372093 0.027907 1.000000
0.379845 0.027907 1.000000
0.387597 0.027907 1.000000
0.395349 0.027907 1.000000
0.403101 0.027907 1.000000
0.410853 0.027907 1.000000
0.418605 0.027907 1.000000
0.426357 0.027907 1.000000
0.434109 0.027907 1.000000
0.441860 0.027907 1.000000
0.449612 0.027907 1.000000
0.457364 0.027907 1.000000
0.465116 0.027907 1.000000
0.472868 0.027907 1.000000
0.480620 0.027907 1.000000
0.488372 0.027907 1.000000
0.496124 0.027907 1.000000
0.503876 0.027907 1.000000
0.511628 0.027907 1.000000
0.519380 0.027907 1.000000
0.527132 0.027907 1.000000
0.534884 0.027907 1.000000
0.542636 0.027907 1.000000
0.550388 0.027907 1.000000
0.558140 0.027907 1.000000
0.565891 0.027907 1.000000
0.573643 0.027907 1.000000
0.581395 0.027907 1.000000
0.589147 0.027907 1.000000
0.596899 0.027907 1.000000
0.604651 0.027907 1.000000
0.612403 0.027907 1.000000
0.620155 0.027907 1.000000
0.627907 0.027907 1.000000
0.635659 0.027907 1.000000
0.643411 0.027907 1.000000
0.651163 0.027907 1.000000
0.658915 0.027907 1.000000
0.666667 0.027907 1.000000
0.674419 0.027907 1.000000
0.682171 0.027907 1.000000
0.689922 0.027907 1.000000
0.697674 0.027907 1.000000
0.705426 0.027907 1.000000
0.713178 0.027907 1.000000
0.720930 0.027907 1.000000
0.728682 0.027907 1.000000
0.736434 0.027907 1.000000
0.744186 0.027907 1.000000
0.751938 0.027907 1.000000
0.759690 0.027907 1.000000
0.767442 0.027907 1.000000
0.775194 0.027907 1.000000
0.782946 0.027907 1.000000
0.790698 0.027907 1.000000
0.798450 0.027907 1.000000
0.806202 0.027907 1.000000
0.813953 0.027907 1.000000
0.821705 0.027907 1.000000
0.829457 0.027907 1.000000
0.837209 0.027907 1.000000
0.844961 0.027907 1.000000
0.852713 0.027907 1.000000
0.860465 0.027907 1.000000
0.868217 0.027907 1.000000
0.875969 0.027907 1.000000
0.883721 0.027907 1.000000
0.891473 0.027907 1.000000
0.899225 0.027907 1.000000
0.906977 0.027907 1.000000
0.914729 0.027907 1.000000
0.922481 0.027907 1.000000
0.930233 0.027907 1.000000
0.937984 0.027907 1.000000
0.945736 0.027907 1.000000
0.953488 0.027907 1.000000
0.961240 0.027907 1.000000
0.968992 0.027907 1.000000
0.976744 0.027907 1.000000
0.984496 0.027907 1.000000
0.000000 0.034884 0.000000
0.007752 0.034884 0.000000
0.015504 0.034884 0.000000
0.023256 0.034884 0.000000
0.031008 0.034884 0.000000
0.038760 0.034884 0.000000
0.046512 0.034884 0.000000
0.054264 0.034884 0.000000
0.062016 0.034884 0.000000
0.069767 0.034884 0.000000
0.077519 0.034884 0.000000
0.085271 0.034884 0.000000
0.093023 0.034884 0.000000
0.100775 0.034884 0.000000
0.108527 0.034884 0.000000
0.116279 0.034884 0.000000
0.124031 0.034884 0.000000
0.131783 0.034884 0.000000
0.139535 0.034884 0.000000
0.147287 0.034884 0.000000
0.155039 0.034884 0.000000
0.162791 0.034884 0.000000
0.170543 0.034884 0.000000
0.178295 0.034884 0.000000
0.186047 0.034884 0.000000
0.193798 0.034884 0.000000
0.201550 0.034884 0.000000
0.209302 0.034884 0.000000
0.217054 0.034884 0.000000
0.224806 0.034884 0.000000
0.232558 0.034884 0.000000
0.240310 0.034884 0.000000
0.248062 0.034884 0.000000
0.255814 0.034884 0.000000
0.263566 0.034884 0.000000
0.271318 0.034884 0.000000
0.279070 0.034884 0.000000
0.286822 0.034884 0.000000
0.294574 0.034884 0.000000
0.302326 0.034884 0.000001
0.310078 0.034884 0.000055
0.317829 0.034884 0.001270
0.325581 0.034884 0.015850
0.333333 0.034884 0.114265
0.341085 0.034884 0.468559
0.348837 0.034884 1.000000
0.356589 0.034884 1.000000
0.364341 0.034884 1.000000
0.372093 0.034884 1.000000
0.379845 0.034884 1.000000
0.387597 0.034884 1.000000
0.395349 0.034884 1.000000
0.403101 0.034884 1.000000
0.410853 0.034884 1.000000
0.418605 0.034884 1.000000
0.426357 0.034884 1.000000
0.434109 0.034884 1.000000
0.441860 0.034884 1.000000
0.449612 0.034884 1.000000
0.457364 0.034884 1.000000
0.465116 0.034884 1.000000
0.472868 0.034884 1.000000
0.480620 0.034884 1.000000
0.488372 0.034884 1.000000
0.496124 0.034884 1.000000
0.503876 0.034884 1.000000
0.511628 0.034884 1.000000
0.519380 0.034884 1.000000
0.527132 0.034884 1.000000
0.534884 0.034884 1.000000
0.542636 0.034884 1.000000
0.550388 0.034884 1.000000
0.558140 0.034884 1.000000
0.565891 0.034884 1.000000
0.573643 0.034884 1.000000
0.581395 0.034884 1.000000
0.589147 0.034884 1.000000
0.596899 0.034884 1.000000
0.604651 0.034884 1.000000
0.612403 0.034884 1.000000
0.620155 0.034884 1.000000
0.627907 0.034884 1.000000
0.635659 0.034884 1.000000
0.643411 0.034884 1.000000
0.651163 0.034884 1.000000
0.658915 0.034884 1.000000
0.666667 0.034884 1.000000
0.674419 0.034884 1.000000
0.682171 0.034884 1.000000
0.689922 0.034884 1.000000
0.697674 0.034884 1.000000
0.705426 0.034884 1.000000
0.713178 0.034884 1.000000
0.720930 0.034884 1.000000
0.728682 0.034884 1.000000
0.736434 0.034884 1.000000
0.744186 0.034884 1.000000
0.751938 0.034884 1.000000
0.759690 0.034884 1.000000
0.767442 0.034884 1.000000
0.775194 0.034884 1.000000
0.782946 0.034884 1.000000
0.790698 0.034884 1.000000
0.798450 0.034884 1.000000
0.806202 0.034884 1.000000
0.813953 0.034884 1.000000
0.821705 0.034884 1.000000
0.829457 0.034884 1.000000
0.837209 0.034884 1.000000
0.844961 0.034884 1.000000
0.852713 0.034884 1.000000
0.860465 0.034884 1.000000
0.868217 0.034884 1.000000
0.875969 0.034884 1.000000
0.883721 0.034884 1.000000
0.891473 0.034884 1.000000
0.899225 0.034884 1.000000
0.906977 0.034884 1.000000
0.914729 0.034884 1.000000
0.922481 0.034884 1.000000
0.930233 0.034884 1.000000
0.937984 0.034884 1.000000
0.945736 0.034884 1.000000
0.953488 0.034884 1.000000
0.961240 0.034884 1.000000
0.968992 0.034884 1.000000
0.976744 0.034884 1.000000
0.984496 0.034884 1.000000
0.000000 0.041860 0.000000
0.007752 0.041860 0.000000
0.015504 0.041860 0.000000
0.023256 0.041860 0.000000
0.031008 0.041860 0.000000
0.038760 0.041860 0.000000
0.046512 0.041860 0.000000
0.054264 0.041860 0.000000
0.062016 0.041860 0.000000
0.069767 0.041860 0.000000
0.077519 0.041860 0.000000
0.085271 0.041860 0.000000
0.093023 0.041860 0.000000
0.100775 0.041860 0.000000
0.108527 0.041860 0.000000
0.116279 0.041860 0.000000
0.124031 0.041860 0.000000
0.131783 0.041860 0.000000
0.139535 0.041860 0.000000
0.147287 0.041860 0.000000
0.155039 0.041860 0.000000
0.162791 0.041860 0.000000
0.170543 0.041860 0.000000
0.178295 0.041860 0.000000
0.186047 0.041860 0.000000
0.193798 0.041860 0.000000
0.201550 0.041860 0.000000
0.209302 0.041860 0.000000
0.217054 0.041860 0.000000
0.224806 0.041860 0.000000
0.232558 0.041860 0.000000
0.240310 0.041860 0.000000
0.248062 0.041860 0.000000
0.255814 0.041860 0.000000
0.263566 0.041860 0.000000
0.271318 0.041860 0.000000
0.279070 0.041860 0.000000
0.286822 0.041860 0.000000
0.294574 0.041860 0.000000
0.302326 0.041860 0.000000
0.310078 0.041860 0.000006
0.317829 0.041860 0.000176
0.325581 0.041860 0.002728
0.333333 0.041860 0.025691
0.341085 0.041860 0.149694
0.348837 0.041860 0.521703
0.356589 0.041860 1.000000
0.364341 0.041860 1.000000
0.372093 0.041860 1.000000
0.379845 0.041860 1.000000
0.387597 0.041860 1.000000
0.395349 0.041860 1.000000
0.403101 0.041860 1.000000
0.410853 0.041860 1.000000
0.418605 0.041860 1.000000
0.426357 0.041860 1.000000
0.434109 0.041860 1.000000
0.441860 0.041860 1.000000
0.449612 0.041860 1.000000
0.457364 0.041860 1.000000
0.465116 0.041860 1.000000
0.472868 0.041860 1.000000
0.480620 0.041860 1.000000
0.488372 0.041860 1.000000
0.496124 0.041860 1.000000
0.503876 0.041860 1.000000
0.511628 0.041860 1.000000
0.519380 0.041860 1.000000
0.527132 0.041860 1.000000
0.534884 0.041860 1.000000
0.542636 0.041860 1.000000
0.550388 0.041860 1.000000
0.558140 0.041860 1.000000
0.565891 0.041860 1.000000
0.573643 0.041860 1.000000
0.581395 0.041860 1.000000
0.589147 0.041860 1.000000
0.596899 0.041860 1.000000
0.604651 0.041860 1.000000
0.612403 0.041860 1.000000
0.620155 0.041860 1.000000
0.627907 0.041860 1.000000
0.635659 0.041860 1.000000
0.643411 0.041860 1.000000
0.651163 0.041860 1.000000
0.658915 0.041860 1.000000
0.666667 0.041860 1.000000
0.674419 0.041860 1.000000
0.682171 0.041860 1.000000
0.689922 0.041860 1.000000
0.697674 0.041860 1.000000
0.705426 0.041860 1.000000
0.713178 0.041860 1.000000
0.720930 0.041860 1.000000
0.728682 0.041860 1.000000
0.736434 0.041860 1.000000
0.744186 0.041860 1.000000
0.751938 0.041860 1.000000
0.759690 0.041860 1.000000
0.767442 0.041860 1.000000
0.775194 0.041860 1.000000
0.782946 0.041860 1.000000
0.790698 0.041860 1.000000
0.798450 0.041860 1.000000
0.806202 0.041860 1.000000
0.813953 0.041860 1.000000
0.821705 0.041860 1.000000
0.829457 0.041860 1.000000
0.837209 0.041860 1.000000
0.844961 0.041860 1.000000
0.852713 0.041860 1.000000
0.860465 0.041860 1.000000
0.868217 0.041860 1.000000
0.875969 0.041860 1.000000
0.883721 0.041860 1.000000
0.891473 0.041860 1.000000
0.899225 0.041860 1.000000
0.906977 0.041860 1.000000
0.914729 0.041860 1.000000
0.922481 0.041860 1.000000
0.930233 0.041860 1.000000
0.937984 0.041860 1.000000
0.945736 0.041860 1.000000
0.953488 0.041860 1.000000
0.961240 0.041860 1.000000
0.968992 0.041860 1.000000
0.976744 0.041860 1.000000
0.984496 0.041860 1.000000
0.000000 0.048837 0.000000
0.007752 0.048837 0.000000
0.015504 0.048837 0.000000
0.023256 0.048837 0.000000
0.031008 0.048837 0.000000
0.038760 0.048837 0.000000
0.046512 0.048837 0.000000
0.054264 0.048837 0.000000
0.062016 0.048837 0.000000
0.069767 0.048837 0.000000
0.077519 0.048837 0.000000
0.085271 0.048837 0.000000
0.093023 0.048837 0.000000
0.100775 0.048837 0.000000
0.108527 0.048837 0.000000
0.116279 0.048837 0.000000
0.124031 0.048837 0.000000
0.131783 0.048837 0.000000
0.139535 0.048837 0.000000
0.147287 0.048837 0.000000
0.155039 0.048837 0.000000
0.162791 0.048837 0.000000
0.170543 0.048837 0.000000
0.178295 0.048837 0.000000
0.186047 0.048837 0.000000
0.193798 0.048837 0.000000
0.201550 0.048837 0.000000
0.209302 0.048837 0.000000
0.217054 0.048837 0.000000
0.224806 0.048837 0.000000
0.232558 0.048837 0.000000
0.240310 0.048837 0.000000
0.248062 0.048837 0.000000
0.255814 0.048837 0.000000
0.263566 0.048837 0.000000
0.271318 0.048837 0.000000
0.279070 0.048837 0.000000
0.286822 0.048837 0.000000
0.294574 0.048837 0.000000
0.302326 0.048837 0.000000
0.310078 0.048837 0.000001
0.317829 0.048837 0.000023
0.325581 0.048837 0.000432
0.333333 0.048837 0.005024
0.341085 0.048837 0.038092
0.348837 0.048837 0.186895
0.356589 0.048837 0.569533
0.364341 0.048837 1.000000
0.372093 0.048837 1.000000
0.379845 0.048837 1.000000
0.387597 0.048837 1.000000
0.395349 0.048837 1.000000
0.403101 0.048837 1.000000
0.410853 0.048837 1.000000
0.418605 0.048837 1.000000
0.426357 0.048837 1.000000
0.434109 0.048837 1.000000
0.441860 0.048837 1.000000
0.449612 0.048837 1.000000
0.457364 0.048837 1.000000
0.465116 0.048837 1.000000
0.472868 0.048837 1.000000
0.480620 0.048837 1.000000
0.488372 0.048837 1.000000
0.496124 0.048837 1.000000
0.503876 0.048837 1.000000
0.511628 0.048837 1.000000
0.519380 0.048837 1.000000
0.527132 0.048837 1.000000
0.534884 0.048837 1.000000
0.542636 0.048837 1.000000
0.550388 0.048837 1.000000
0.558140 0.048837 1.000000
0.565891 0.048837 1.000000
0.573643 0.048837 1.000000
0.581395 0.048837 1.000000
0.589147 0.048837 1.000000
0.596899 0.048837 1.000000
0.604651 0.048837 1.000000
0.612403 0.048837 1.000000
0.620155 0.048837 1.000000
0.627907 0.048837 1.000000
0.635659 0.048837 1.000000
0.643411 0.048837 1.000000
0.651163 0.048837 1.000000
0.658915 0.048837 1.000000
0.666667 0.048837 1.000000
0.674419 0.048837 1.000000
0.682171 0.048837 1.000000
0.689922 0.048837 1.000000
0.697674 0.048837 1.000000
0.705426 0.048837 1.000000
0.713178 0.048837 1.000000
0.720930 0.048837 1.000000
0.728682 0.048837 1.000000
0.736434 0.048837 1.000000
0.744186 0.048837 1.000000
0.751938 0.048837 1.000000
0.759690 0.048837 1.000000
0.767442 0.048837 1.000000
0.775194 0.048837 1.000000
0.782946 0.048837 1.000000
0.790698 0.048837 1.000000
0.798450 0.048837 1.000000
0.806202 0.048837 1.000000
0.813953 0.048837 1.000000
0.821705 0.048837 1.000000
0.829457 0.048837 1.000000
0.837209 0.048837 1.000000
0.844961 0.048837 1.000000
0.852713 0.048837 1.000000
0.860465 0.048837 1.000000
0.868217 0.048837 1.000000
0.875969 0.048837 1.000000
0.883721 0.048837 1.000000
0.891473 0.048837 1.000000
0.899225 0.048837 1.000000
0.906977 0.048837 1.000000
0.914729 0.048837 1.000000
0.922481 0.048837 1.000000
0.930233 0.048837 1.000000
0.937984 0.048837 1.000000
0.945736 0.048837 1.000000
0.953488 0.048837 1.000000
0.961240 0.048837 1.000000
0.968992 0.048837 1.000000
0.976744 0.048837 1.000000
0.984496 0.048837 1.000000
0.000000 0.055814 0.000000
0.007752 0.055814 0.000000
0.015504 0.055814 0.000000
0.023256 0.055814 0.000000
0.031008 0.055814 0.000000
0.038760 0.055814 0.000000
0.046512 0.055814 0.000000
0.054264 0.055814 0.000000
0.062016 0.055814 0.000000
0.069767 0.055814 0.000000
0.077519 0.055814 0.000000
0.085271 0.055814 0.000000
0.093023 0.055814 0.000000
0.100775 0.055814 0.000000
0.108527 0.055814 0.000000
0.116279 0.055814 0.000000
0.124031 0.055814 0.000000
0.131783 0.055814 0.000000
0.139535 0.055814 0.000000
0.147287 0.055814 0.000000
0.155039 0.055814 0.000000
0.162791 0.055814 0.000000
0.170543 0.055814 0.000000
0.178295 0.055814 0.000000
0.186047 0.055814 0.000000
0.193798 0.055814 0.000000
0.201550 0.055814 0.000000
0.209302 0.055814 0.000000
0.217054 0.055814 0.000000
0.224806 0.055814 0.000000
0.232558 0.055814 0.000000
0.240310 0.055814 0.000000
0.248062 0.055814 0.000000
0.255814 0.055814 0.000000
0.263566 0.055814 0.000000
0.271318 0.055814 0.000000
0.279070 0.055814 0.000000
0.286822 0.055814 0.000000
0.294574 0.055814 0.000000
0.302326 0.055814 0.000000
0.310078 0.055814 0.000000
0.317829 0.055814 0.000003
0.325581 0.055814 0.000064
0.333333 0.055814 0.000891
0.341085 0.055814 0.008331
0.348837 0.055814 0.052972
0.356589 0.055814 0.225159
0.364341 0.055814 0.612580
0.372093 0.055814 1.000000
0.379845 0.055814 1.000000
0.387597 0.055814 1.000000
0.395349 0.055814 1.000000
0.403101 0.055814 1.000000
0.410853 0.055814 1.000000
0.418605 0.055814 1.000000
0.426357 0.055814 1.000000
0.434109 0.055814 1.000000
0.441860 0.055814 1.000000
0.449612 0.055814 1.000000
0.457364 0.055814 1.000000
0.465116 0.055814 1.000000
0.472868 0.055814 1.000000
0.480620 0.055814 1.000000
0.488372 0.055814 1.000000
0.496124 0.055814 1.000000
0.503876 0.055814 1.000000
0.511628 0.055814 1.000000
0.519380 0.055814 1.000000
0.527132 0.055814 1.000000
0.534884 0.055814 1.000000
0.542636 0.055814 1.000000
0.550388 0.055814 1.000000
0.558140 0.055814 1.000000
0.565891 0.055814 1.000000
0.573643 0.055814 1.000000
0.581395 0.055814 1.000000
0.589147 0.055814 1.000000
0.596899 0.055814 1.000000
0.604651 0.055814 1.000000
0.612403 0.055814 1.000000
0.620155 0.055814 1.000000
0.627907 0.055814 1.000000
0.635659 0.055814 1.000000
0.643411 0.055814 1.000000
0.651163 0.055814 1.000000
0.658915 0.055814 1.000000
0.666667 0.055814 1.000000
0.674419 0.055814 1.000000
0.682171 0.055814 1.000000
0.689922 0.055814 1.000000
0.697674 0.055814 1.000000
0.705426 0.055814 1.000000
0.713178 0.055814 1.000000
0.720930 0.055814 1.000000
0.728682 0.055814 1.000000
0.736434 0.055814 1.000000
0.744186 0.055814 1.000000
0.751938 0.055814 1.000000
0.759690 0.055814 1.000000
0.767442 0.055814 1.000000
0.775194 0.055814 1.000000
0.782946 0.055814 1.000000
0.790698 0.055814 1.000000
0.798450 0.055814 1.000000
0.806202 0.055814 1.000000
0.813953 0.055814 1.000000
0.821705 0.055814 1.000000
0.829457 0.055814 1.000000
0.837209 0.055814 1.000000
0.844961 0.055814 1.000000
0.852713 0.055814 1.000000
0.860465 0.055814 1.000000
0.868217 0.055814 1.000000
0.875969 0.055814 1.000000
0.883721 0.055814 1.000000
0.891473 0.055814 1.000000
0.899225 0.055814 1.000000
0.906977 0.055814 1.000000
0.914729 0.055814 1.000000
0.922481 0.055814 1.000000
0.930233 0.055814 1.000000
0.937984 0.055814 1.000000
0.945736 0.055814 1.000000
0.953488 0.055814 1.000000
0.961240 0.055814 1.000000
0.968992 0.055814 1.000000
0.976744 0.055814 1.000000
0.984496 0.055814 1.000000
0.000000 0.062791 0.000000
0.007752 0.062791 0.000000
0.015504 0.062791 0.000000
0.023256 0.062791 0.000000
0.031008 0.062791 0.000000
0.038760 0.062791 0.000000
0.046512 0.062791 0.000000
0.054264 0.062791 0.000000
0.062016 0.062791 0.000000
0.069767 0.062791 0.000000
0.077519 0.062791 0.000000
0.085271 0.062791 0.000000
0.093023 0.062791 0.000000
0.100775 0.062791 0.000000
0.108527 0.062791 0.000000
0.116279 0.062791 0.000000
0.124031 0.062791 0.000000
0.131783 0.062791 0.000000
0.139535 0.062791 0.000000
0.147287 0.062791 0.000000
0.155039 0.062791 0.000000
0.162791 0.062791 0.000000
0.170543 0.062791 0.000000
0.178295 0.062791 0.000000
0.186047 0.062791 0.000000
0.193798 0.062791 0.000000
0.201550 0.062791 0.000000
0.209302 0.062791 0.000000
0.217054 0.062791 0.000000
0.224806 0.062791 0.000000
0.232558 0.062791 0.000000
0.240310 0.062791 0.000000
0.248062 0.062791 0.000000
0.255814 0.062791 0.000000
0.263566 0.062791 0.000000
0.271318 0.062791 0.000000
0.279070 0.062791 0.000000
0.286822 0.062791 0.000000
0.294574 0.062791 0.000000
0.302326 0.062791 0.000000
0.310078 0.062791 0.000000
0.317829 0.062791 0.000000
0.325581 0.062791 0.000009
0.333333 0.062791 0.000147
0.341085 0.062791 0.001635
0.348837 0.062791 0.012795
0.356589 0.062791 0.070191
0.364341 0.062791 0.263901
0.372093 0.062791 0.651322
0.379845 0.062791 1.000000
0.387597 0.062791 1.000000
0.395349 0.062791 1.000000
0.403101 0.062791 1.000000
0.410853 0.062791 1.000000
0.418605 0.062791 1.000000
0.426357 0.062791 1.000000
0.434109 0.062791 1.000000
0.441860 0.062791 1.000000
0.449612 0.062791 1.000000
0.457364 0.062791 1.000000
0.465116 0.062791 1.000000
0.472868 0.062791 1.000000
0.480620 0.062791 1.000000
0.488372 0.062791 1.000000
0.496124 0.062791 1.000000
0.503876 0.062791 1.000000
0.511628 0.062791 1.000000
0.519380 0.062791 1.000000
0.527132 0.062791 1.000000
0.534884 0.062791 1.000000
0.542636 0.062791 1.000000
0.550388 0.062791 1.000000
0.558140 0.062791 1.000000
0.565891 0.062791 1.000000
0.573643 0.062791 1.000000
0.581395 0.062791 1.000000
0.589147 0.062791 1.000000
0.596899 0.062791 1.000000
0.604651 0.062791 1.000000
0.612403 0.062791 1.000000
0.620155 0.062791 1.000000
0.627907 0.062791 1.000000
0.635659 0.062791 1.000000
0.643411 0.062791 1.000000
0.651163 0.062791 1.000000
0.658915 0.062791 1.000000
0.666667 0.062791 1.000000
0.674419 0.062791 1.000000
0.682171 0.062791 1.000000
0.689922 0.062791 1.000000
0.697674 0.062791 1.000000
0.705426 0.062791 1.000000
0.713178 0.062791 1.000000
0.720930 0.062791 1.000000
0.728682 0.062791 1.000000
0.736434 0.062791 1.000000
0.744186 0.062791 1.000000
0.751938 0.062791 1.000000
0.759690 0.062791 1.000000
0.767442 0.062791 1.000000
0.775194 0.062791 1.000000
0.782946 0.062791 1.000000
0.790698 0.062791 1.000000
0.798450 0.062791 1.000000
0.806202 0.062791 1.000000
0.813953 0.062791 1.000000
0.821705 0.062791 1.000000
0.829457 0.062791 1.000000
0.837209 0.062791 1.000000
0.844961 0.062791 1.000000
0.852713 0.062791 1.000000
0.860465 0.062791 1.000000
0.868217 0.062791 1.000000
0.875969 0.062791 1.000000
0.883721 0.062791 1.000000
0.891473 0.062791 1.000000
0.899225 0.062791 1.000000
0.906977 0.062791 1.000000
0.914729 0.062791 1.000000
0.922481 0.062791 1.000000
0.930233 0.062791 1.000000
0.937984 0.062791 1.000000
0.945736 0.062791 1.000000
0.953488 0.062791 1.000000
0.961240 0.062791 1.000000
0.968992 0.062791 1.000000
0.976744 0.062791 1.000000
0.984496 0.062791 1.000000
0.000000 0.069767 0.000000
0.007752 0.069767 0.000000
0.015504 0.069767 0.000000
0.023256 0.069767 0.000000
0.031008 0.069767 0.000000
0.038760 0.069767 0.000000
0.046512 0.069767 0.000000
0.054264 0.069767 0.000000
0.062016 0.069767 0.000000
0.069767 0.069767 0.000000
0.077519 0.069767 0.000000
0.085271 0.069767 0.000000
0.093023 0.069767 0.000000
0.100775 0.069767 0.000000
0.108527 0.069767 0.000000
0.116279 0.069767 0.000000
0.124031 0.069767 0.000000
0.131783 0.069767 0.000000
0.139535 0.069767 0.000000
0.147287 0.069767 0.000000
0.155039 0.069767 0.000000
0.162791 0.069767 0.000000
0.170543 0.069767 0.000000
0.178295 0.069767 0.000000
0.186047 0.069767 0.000000
0.193798 0.069767 0.000000
0.201550 0.069767 0.000000
0.209302 0.069767 0.000000
0.217054 0.069767 0.000000
0.224806 0.069767 0.000000
0.232558 0.069767 0.000000
0.240310 0.069767 0.000000
0.248062 0.069767 0.000000
0.255814 0.069767 0.000000
0.263566 0.069767 0.000000
0.271318 0.069767 0.000000
0.279070 0.069767 0.000000
0.286822 0.069767 0.000000
0.294574 0.069767 0.000000
0.302326 0.069767 0.000000
0.310078 0.069767 0.000000
0.317829 0.069767 0.000000
0.325581 0.069767 0.000001
0.333333 0.069767 0.000023
0.341085 0.069767 0.000296
0.348837 0.069767 0.002751
0.356589 0.069767 0.018535
0.364341 0.069767 0.089562
0.372093 0.069767 0.302643
0.379845 0.069767 0.686189
0.387597 0.069767 1.000000
0.395349 0.069767 1.000000
0.403101 0.069767 1.000000
0.410853 0.069767 1.000000
0.418605 0.069767 1.000000
0.426357 0.069767 1.000000
0.434109 0.069767 1.000000
0.441860 0.069767 1.000000
0.449612 0.069767 1.000000
0.457364 0.069767 1.000000
0.465116 0.069767 1.000000
0.472868 0.069767 1.000000
0.480620 0.069767 1.000000
0.488372 0.069767 1.000000
0.496124 0.069767 1.000000
0.503876 0.069767 1.000000
0.511628 0.069767 1.000000
0.519380 0.069767 1.000000
0.527132 0.069767 1.000000
0.534884 0.069767 1.000000
0.542636 0.069767 1.000000
0.550388 0.069767 1.000000
0.558140 0.069767 1.000000
0.565891 0.069767 1.000000
0.573643 0.069767 1.000000
0.581395 0.069767 1.000000
0.589147 0.069767 1.000000
0.596899 0.069767 1.000000
0.604651 0.069767 1.000000
0.612403 0.069767 1.000000
0.620155 0.069767 1.000000
0.627907 0.069767 1.000000
0.635659 0.069767 1.000000
0.643411 0.069767 1.000000
0.651163 0.069767 1.000000
0.658915 0.069767 1.000000
0.666667 0.069767 1.000000
0.674419 0.069767 1.000000
0.682171 0.069767 1.000000
0.689922 0.069767 1.000000
0.697674 0.069767 1.000000
0.705426 0.069767 1.000000
0.713178 0.069767 1.000000
0.720930 0.069767 1.000000
0.728682 0.069767 1.000000
0.736434 0.069767 1.000000
0.744186 0.069767 1.000000
0.751938 0.069767 1.000000
0.759690 0.069767 1.000000
0.767442 0.069767 1.000000
0.775194 0.069767 1.000000
0.782946 0.069767 1.000000
0.790698 0.069767 1.000000
0.798450 0.069767 1.000000
0.806202 0.069767 1.000000
0.813953 0.069767 1.000000
0.821705 0.069767 1.000000
0.829457 0.069767 1.000000
0.837209 0.069767 1.000000
0.844961 0.069767 1.000000
0.852713 0.069767 1.000000
0.860465 0.069767 1.000000
0.868217 0.069767 1.000000
0.875969 0.069767 1.000000
0.883721 0.069767 1.000000
0.891473 0.069767 1.000000
0.899225 0.069767 1.000000
0.906977 0.069767 1.000000
0.914729 0.069767 1.000000
0.922481 0.069767 1.000000
0.930233 0.069767 1.000000
0.937984 0.069767 1.000000
0.945736 0.069767 1.000000
0.953488 0.069767 1.000000
0.961240 0.069767 1.000000
0.968992 0.069767 1.000000
0.976744 0.069767 1.000000
0.984496 0.069767 1.000000
0.000000 0.076744 0.000000
0.007752 0.076744 0.000000
0.015504 0.076744 0.000000
0.023256 0.076744 0.000000
0.031008 0.076744 0.000000
0.038760 0.076744 0.000000
0.046512 0.076744 0.000000
0.054264 0.076744 0.000000
0.062016 0.076744 0.000000
0.069767 0.076744 0.000000
0.077519 0.076744 0.000000
0.085271 0.076744 0.000000
0.093023 0.076744 0.000000
0.100775 0.076744 0.000000
0.108527 0.076744 0.000000
0.116279 0.076744 0.000000
0.124031 0.076744 0.000000
0.131783 0.076744 0.000000
0.139535 0.076744 0.000000
0.147287 0.076744 0.000000
0.155039 0.076744 0.000000
0.162791 0.076744 0.000000
0.170543 0.076744 0.000000
0.178295 0.076744 0.000000
0.186047 0.076744 0.000000
0.193798 0.076744 0.000000
0.201550 0.076744 0.000000
0.209302 0.076744 0.000000
0.217054 0.076744 0.000000
0.224806 0.076744 0.000000
0.232558 0.076744 0.000000
0.240310 0.076744 0.000000
0.248062 0.076744 0.000000
0.255814 0.076744 0.000000
0.263566 0.076744 0.000000
0.271318 0.076744 0.000000
0.279070 0.076744 0.000000
0.286822 0.076744 0.000000
0.294574 0.076744 0.000000
0.302326 0.076744 0.000000
0.310078 0.076744 0.000000
0.317829 0.076744 0.000000
0.325581 0.076744 0.000000
0.333333 0.076744 0.000003
0.341085 0.076744 0.000050
0.348837 0.076744 0.000541
0.356589 0.076744 0.004329
0.364341 0.076744 0.025637
0.372093 0.076744 0.110870
0.379845 0.076744 0.340998
0.387597 0.076744 0.717570
0.395349 0.076744 1.000000
0.403101 0.076744 1.000000
0.410853 0.076744 1.000000
0.418605 0.076744 1.000000
0.426357 0.076744 1.000000
0.434109 0.076744 1.000000
0.441860 0.076744 1.000000
0.449612 0.076744 1.000000
0.457364 0.076744 1.000000
0.465116 0.076744 1.000000
0.472868 0.076744 1.000000
0.480620 0.076744 1.000000
0.488372 0.076744 1.000000
0.496124 0.076744 1.000000
0.503876 0.076744 1.000000
0.511628 0.076744 1.000000
0.519380 0.076744 1.000000
0.527132 0.076744 1.000000
0.534884 0.076744 1.000000
0.542636 0.076744 1.000000
0.550388 0.076744 1.000000
0.558140 0.076744 1.000000
0.565891 0.076744 1.000000
0.573643 0.076744 1.000000
0.581395 0.076744 1.000000
0.589147 0.076744 1.000000
0.596899 0.076744 1.000000
0.604651 0.076744 1.000000
0.612403 0.076744 1.000000
0.620155 0.076744 1.000000
0.627907 0.076744 1.000000
0.635659 0.076744 1.000000
0.643411 0.076744 1.000000
0.651163 0.076744 1.000000
0.658915 0.076744 1.000000
0.666667 0.076744 1.000000
0.674419 0.076744 1.000000
0.682171 0.076744 1.000000
0.689922 0.076744 1.000000
0.697674 0.076744 1.000000
0.705426 0.076744 1.000000
0.713178 0.076744 1.000000
0.720930 0.076744 1.000000
0.728682 0.076744 1.000000
0.736434 0.076744 1.000000
0.744186 0.076744 1.000000
0.751938 0.076744 1.000000
0.759690 0.076744 1.000000
0.767442 0.076744 1.000000
0.775194 0.076744 1.000000
0.782946 0.076744 1.000000
0.790698 0.076744 1.000000
0.798450 0.076744 1.000000
0.806202 0.076744 1.000000
0.813953 0.076744 1.000000
0.821705 0.076744 1.000000
0.829457 0.076744 1.000000
0.837209 0.076744 1.000000
0.844961 0.076744 1.000000
0.852713 0.076744 1.000000
0.860465 0.076744 1.000000
0.868217 0.076744 1.000000
0.875969 0.076744 1.000000
0.883721 0.076744 1.000000
0.891473 0.076744 1.000000
0.899225 0.076744 1.000000
0.906977 0.076744 1.000000
0.914729 0.076744 1.000000
0.922481 0.076744 1.000000
0.930233 0.076744 1.000000
0.937984 0.076744 1.000000
0.945736 0.076744 1.000000
0.953488 0.076744 1.000000
0.961240 0.076744 1.000000
0.968992 0.076744 1.000000
0.976744 0.076744 1.000000
0.984496 0.076744 1.000000
0.000000 0.083721 0.000000
0.007752 0.083721 0.000000
0.015504 0.083721 0.000000
0.023256 0.083721 0.000000
0.031008 0.083721 0.000000
0.038760 0.083721 0.000000
0.046512 0.083721 0.000000
0.054264 0.083721 0.000000
0.062016 0.083721 0.000000
0.069767 0.083721 0.000000
0.077519 0.083721 0.000000
0.085271 0.083721 0.000000
0.093023 0.083721 0.000000
0.100775 0.083721 0.000000
0.108527 0.083721 0.000000
0.116279 0.083721 0.000000
0.124031 0.083721 0.000000
0.131783 0.083721 0.000000
0.139535 0.083721 0.000000
0.147287 0.083721 0.000000
0.155039 0.083721 0.000000
0.162791 0.083721 0.000000
0.170543 0.083721 0.000000
0.178295 0.083721 0.000000
0.186047 0.083721 0.000000
0.193798 0.083721 0.000000
0.201550 0.083721 0.000000
0.209302 0.083721 0.000000
0.217054 0.083721 0.000000
0.224806 0.083721 0.000000
0.232558 0.083721 0.000000
0.240310 0.083721 0.000000
0.248062 0.083721 0.000000
0.255814 0.083721 0.000000
0.263566 0.083721 0.000000
0.271318 0.083721 0.000000
0.279070 0.083721 0.000000
0.286822 0.083721 0.000000
0.294574 0.083721 0.000000
0.302326 0.083721 0.000000
0.310078 0.083721 0.000000
0.317829 0.083721 0.000000
0.325581 0.083721 0.000000
0.333333 0.083721 0.000000
0.341085 0.083721 0.000008
0.348837 0.083721 0.000099
0.356589 0.083721 0.000920
0.364341 0.083721 0.006460
0.372093 0.083721 0.034161
0.379845 0.083721 0.133883
0.387597 0.083721 0.378655
0.395349 0.083721 0.745813
0.403101 0.083721 1.000000
0.410853 0.083721 1.000000
0.418605 0.083721 1.000000
0.426357 0.083721 1.000000
0.434109 0.083721 1.000000
0.441860 0.083721 1.000000
0.449612 0.083721 1.000000
0.457364 0.083721 1.000000
0.465116 0.083721 1.000000
0.472868 0.083721 1.000000
0.480620 0.083721 1.000000
0.488372 0.083721 1.000000
0.496124 0.083721 1.000000
0.503876 0.083721 1.000000
0.511628 0.083721 1.000000
0.519380 0.083721 1.000000
0.527132 0.083721 1.000000
0.534884 0.083721 1.000000
0.542636 0.083721 1.000000
0.550388 0.083721 1.000000
0.558140 0.083721 1.000000
0.565891 0.083721 1.000000
0.573643 0.083721 1.000000
0.581395 0.083721 1.000000
0.589147 0.083721 1.000000
0.596899 0.083721 1.000000
0.604651 0.083721 1.000000
0.612403 0.083721 1.000000
0.620155 0.083721 1.000000
0.627907 0.083721 1.000000
0.635659 0.083721 1.000000
0.643411 0.083721 1.000000
0.651163 0.083721 1.000000
0.658915 0.083721 1.000000
0.666667 0.083721 1.000000
0.674419 0.083721 1.000000
0.682171 0.083721 1.000000
0.689922 0.083721 1.000000
0.697674 0.083721 1.000000
0.705426 0.083721 1.000000
0.713178 0.083721 1.000000
0.720930 0.083721 1.000000
0.728682 0.083721 1.000000
0.736434 0.083721 1.000000
0.744186 0.083721 1.000000
0.751938 0.083721 1.000000
0.759690 0.083721 1.000000
0.767442 0.083721 1.000000
0.775194 0.083721 1.000000
0.782946 0.083721 1.000000
0.790698 0.083721 1.000000
0.798450 0.083721 1.000000
0.806202 0.083721 1.000000
0.813953 0.083721 1.000000
0.821705 0.083721 1.000000
0.829457 0.083721 1.000000
0.837209 0.083721 1.000000
0.844961 0.083721 1.000000
0.852713 0.083721 1.000000
0.860465 0.083721 1.000000
0.868217 0.083721 1.000000
0.875969 0.083721 1.000000
0.883721 0.083721 1.000000
0.891473 0.083721 1.000000
0.899225 0.083721 1.000000
0.906977 0.083721 1.000000
0.914729 0.083721 1.000000
0.922481 0.083721 1.000000
0.930233 0.083721 1.000000
0.937984 0.083721 1.000000
0.945736 0.083721 1.000000
0.953488 0.083721 1.000000
0.961240 0.083721 1.000000
0.968992 0.083721 1.000000
0.976744 0.083721 1.000000
0.984496 0.083721 1.000000
0.000000 0.090698 0.000000
0.007752 0.090698 0.000000
0.015504 0.090698 0.000000
0.023256 0.090698 0.000000
0.031008 0.090698 0.000000
0.038760 0.090698 0.000000
0.046512 0.090698 0.000000
0.054264 0.090698 0.000000
0.062016 0.090698 0.000000
0.069767 0.090698 0.000000
0.077519 0.090698 0.000000
0.085271 0.090698 0.000000
0.093023 0.090698 0.000000
0.100775 0.090698 0.000000
0.108527 0.090698 0.000000
0.116279 0.090698 0.000000
0.124031 0.090698 0.000000
0.131783 0.090698 0.000000
0.139535 0.090698 0.000000
0.147287 0.090698 0.000000
0.155039 0.090698 0.000000
0.162791 0.090698 0.000000
0.170543 0.090698 0.000000
0.178295 0.090698 0.000000
0.186047 0.090698 0.000000
0.193798 0.090698 0.000000
0.201550 0.090698 0.000000
0.209302 0.090698 0.000000
0.217054 0.090698 0.000000
0.224806 0.090698 0.000000
0.232558 0.090698 0.000000
0.240310 0.090698 0.000000
0.248062 0.090698 0.000000
0.255814 0.090698 0.000000
0.263566 0.090698 0.000000
0.271318 0.090698 0.000000
0.279070 0.090698 0.000000
0.286822 0.090698 0.000000
0.294574 0.090698 0.000000
0.302326 0.090698 0.000000
0.310078 0.090698 0.000000
0.317829 0.090698 0.000000
0.325581 0.090698 0.000000
0.333333 0.090698 0.000000
0.341085 0.090698 0.000001
0.348837 0.090698 0.000017
0.356589 0.090698 0.000181
0.364341 0.090698 0.001474
0.372093 0.090698 0.009230
0.379845 0.090698 0.044133
0.387597 0.090698 0.158360
0.395349 0.090698 0.415371
0.403101 0.090698 0.771232
0.410853 0.090698 1.000000
0.418605 0.090698 1.000000
0.426357 0.090698 1.000000
0.434109 0.090698 1.000000
0.441860 0.090698 1.000000
0.449612 0.090698 1.000000
0.457364 0.090698 1.000000
0.465116 0.090698 1.000000
0.472868 0.090698 1.000000
0.480620 0.090698 1.000000
0.488372 0.090698 1.000000
0.496124 0.090698 1.000000
0.503876 0.090698 1.000000
0.511628 0.090698 1.000000
0.519380 0.090698 1.000000
0.527132 0.090698 1.000000
0.534884 0.090698 1.000000
0.542636 0.090698 1.000000
0.550388 0.090698 1.000000
0.558140 0.090698 1.000000
0.565891 0.090698 1.000000
0.573643 0.090698 1.000000
0.581395 0.090698 1.000000
0.589147 0.090698 1.000000
0.596899 0.090698 1.000000
0.604651 0.090698 1.000000
0.612403 0.090698 1.000000
0.620155 0.090698 1.000000
0.627907 0.090698 1.000000
0.635659 0.090698 1.000000
0.643411 0.090698 1.000000
0.651163 0.090698 1.000000
0.658915 0.090698 1.000000
0.666667 0.090698 1.000000
0.674419 0.090698 1.000000
0.682171 0.090698 1.000000
0.689922 0.090698 1.000000
0.697674 0.090698 1.000000
0.705426 0.090698 1.000000
0.713178 0.090698 1.000000
0.720930 0.090698 1.000000
0.728682 0.090698 1.000000
0.736434 0.090698 1.000000
0.744186 0.090698 1.000000
0.751938 0.090698 1.000000
0.759690 0.090698 1.000000
0.767442 0.090698 1.000000
0.775194 0.090698 1.000000
0.782946 0.090698 1.000000
0.790698 0.090698 1.000000
0.798450 0.090698 1.000000
0.806202 0.090698 1.000000
0.813953 0.090698 1.000000
0.821705 0.090698 1.000000
0.829457 0.090698 1.000000
0.837209 0.090698 1.000000
0.844961 0.090698 1.000000
0.852713 0.090698 1.000000
0.860465 0.090698 1.000000
0.868217 0.090698 1.000000
0.875969 0.090698 1.000000
0.883721 0.090698 1.000000
0.891473 0.090698 1.000000
0.899225 0.090698 1.000000
0.906977 0.090698 1.000000
0.914729 0.090698 1.000000
0.922481 0.090698 1.000000
0.930233 0.090698 1.000000
0.937984 0.090698 1.000000
0.945736 0.090698 1.000000
0.953488 0.090698 1.000000
0.961240 0.090698 1.000000
0.968992 0.090698 1.000000
0.976744 0.090698 1.000000
0.984496 0.090698 1.000000
0.000000 0.097674 0.000000
0.007752 0.097674 0.000000
0.015504 0.097674 0.000000
0.023256 0.097674 0.000000
0.031008 0.097674 0.000000
0.038760 0.097674 0.000000
0.046512 0.097674 0.000000
0.054264 0.097674 0.000000
0.062016 0.097674 0.000000
0.069767 0.097674 0.000000
0.077519 0.097674 0.000000
0.085271 0.097674 0.000000
0.093023 0.097674 0.000000
0.100775 0.097674 0.000000
0.108527 0.097674 0.000000
0.116279 0.097674 0.000000
0.124031 0.097674 0.000000
0.131783 0.097674 0.000000
0.139535 0.097674 0.000000
0.147287 0.097674 0.000000
0.155039 0.097674 0.000000
0.162791 0.097674 0.000000
0.170543 0.097674 0.000000
0.178295 0.097674 0.000000
0.186047 0.097674 0.000000
0.193798 0.097674 0.000000
0.201550 0.097674 0.000000
0.209302 0.097674 0.000000
0.217054 0.097674 0.000000
0.224806 0.097674 0.000000
0.232558 0.097674 0.000000
0.240310 0.097674 0.000000
0.248062 0.097674 0.000000
0.255814 0.097674 0.000000
0.263566 0.097674 0.000000
0.271318 0.097674 0.000000
0.279070 0.097674 0.000000
0.286822 0.097674 0.000000
0.294574 0.097674 0.000000
0.302326 0.097674 0.000000
0.310078 0.097674 0.000000
0.317829 0.097674 0.000000
0.325581 0.097674 0.000000
0.333333 0.097674 0.000000
0.341085 0.097674 0.000000
0.348837 0.097674 0.000003
0.356589 0.097674 0.000034
0.364341 0.097674 0.000311
0.372093 0.097674 0.002250
0.379845 0.097674 0.012720
0.387597 0.097674 0.055556
0.395349 0.097674 0.184061
0.403101 0.097674 0.450957
0.410853 0.097674 0.794109
0.418605 0.097674 1.000000
0.426357 0.097674 1.000000
0.434109 0.097674 1.000000
0.441860 0.097674 1.000000
0.449612 0.097674 1.000000
0.457364 0.097674 1.000000
0.465116 0.097674 1.000000
0.472868 0.097674 1.000000
0.480620 0.097674 1.000000
0.488372 0.097674 1.000000
0.496124 0.097674 1.000000
0.503876 0.097674 1.000000
0.511628 0.097674 1.000000
0.519380 0.097674 1.000000
0.527132 0.097674 1.000000
0.534884 0.097674 1.000000
0.542636 0.097674 1.000000
0.550388 0.097674 1.000000
0.558140 0.097674 1.000000
0.565891 0.097674 1.000000
0.573643 0.097674 1.000000
0.581395 0.097674 1.000000
0.589147 0.097674 1.000000
0.596899 0.097674 1.000000
0.604651 0.097674 1.000000
0.612403 0.097674 1.000000
0.620155 0.097674 1.000000
0.627907 0.097674 1.000000
0.635659 0.097674 1.000000
0.643411 0.097674 1.000000
0.651163 0.097674 1.000000
0.658915 0.097674 1.000000
0.666667 0.097674 1.000000
0.674419 0.097674 1.000000
0.682171 0.097674 1.000000
0.689922 0.097674 1.000000
0.697674 0.097674 1.000000
0.705426 0.097674 1.000000
0.713178 0.097674 1.000000
0.720930 0.097674 1.000000
0.728682 0.097674 1.000000
0.736434 0.097674 1.000000
0.744186 0.097674 1.000000
0.751938 0.097674 1.000000
0.759690 0.097674 1.000000
0.767442 0.097674 1.000000
0.775194 0.097674 1.000000
0.782946 0.097674 1.000000
0.790698 0.097674 1.000000
0.798450 0.097674 1.000000
0.806202 0.097674 1.000000
0.813953 0.097674 1.000000
0.821705 0.097674 1.000000
0.829457 0.097674 1.000000
0.837209 0.097674 1.000000
0.844961 0.097674 1.000000
0.852713 0.097674 1.000000
0.860465 0.097674 1.000000
0.868217 0.097674 1.000000
0.875969 0.097674 1.000000
0.883721 0.097674 1.000000
0.891473 0.097674 1.000000
0.899225 0.097674 1.000000
0.906977 0.097674 1.000000
0.914729 0.097674 1.000000
0.922481 0.097674 1.000000
0.930233 0.097674 1.000000
0.937984 0.097674 1.000000
0.945736 0.097674 1.000000
0.953488 0.097674 1.000000
0.961240 0.097674 1.000000
0.968992 0.097674 1.000000
0.976744 0.097674 1.000000
0.984496 0.097674 1.000000
