0.000000 0.000000 0.000000
0.015385 0.000000 0.000000
0.030769 0.000000 0.000000
0.046154 0.000000 0.000000
0.061538 0.000000 0.000000
0.076923 0.000000 0.000000
0.092308 0.000000 0.000000
0.107692 0.000000 0.000000
0.123077 0.000000 0.000000
0.138462 0.000000 0.000000
0.153846 0.000000 0.000000
0.169231 0.000000 0.000000
0.184615 0.000000 0.000000
0.200000 0.000000 0.000000
0.215385 0.000000 0.000000
0.230769 0.000000 0.000000
0.246154 0.000000 0.000000
0.261538 0.000000 0.000000
0.276923 0.000000 0.000000
0.292308 0.000000 0.000000
0.307692 0.000000 0.025641
0.323077 0.000000 0.076923
0.338462 0.000000 0.128205
0.353846 0.000000 0.179487
0.369231 0.000000 0.230769
0.384615 0.000000 0.282051
0.400000 0.000000 0.333333
0.415385 0.000000 0.384615
0.430769 0.000000 0.435897
0.446154 0.000000 0.487179
0.461538 0.000002 0.538462
0.476923 0.000021 0.589744
0.492308 0.000147 0.641026
0.507692 0.000879 0.692308
0.523077 0.004390 0.743590
0.538462 0.018216 0.794872
0.553846 0.062134 0.846154
0.569231 0.171928 0.897436
0.584615 0.379959 0.948718
0.600000 0.660801 1.000000
0.615385 0.901523 1.000000
0.630769 1.000000 1.000000
0.646154 1.000000 1.000000
0.661538 0.999998 0.000000
0.676923 0.999979 0.000000
0.692308 0.999853 0.000000
0.707692 0.999121 0.000000
0.723077 0.995610 0.000000
0.738462 0.981784 0.000000
0.753846 0.937866 0.000000
0.769231 0.828072 0.000000
0.784615 0.620041 0.000000
0.800000 0.339199 0.000000
0.815385 0.098477 0.000000
0.830769 0.000000 0.000000
0.846154 0.000000 0.000000
0.861538 0.000000 0.000000
0.876923 0.000000 0.000000
0.892308 0.000000 0.000000
0.907692 0.000000 0.000000
0.923077 0.000000 0.000000
0.938462 0.000000 0.000000
0.953846 0.000000 0.000000
0.969231 1.000000 0.000000
