0.000000 0.000000 0.000000
0.007812 0.000000 0.000000
0.015625 0.000000 0.000000
0.023438 0.000000 0.000000
0.031250 0.000000 0.000000
0.039062 0.000000 0.000000
0.046875 0.000000 0.000000
0.054688 0.000000 0.000000
0.062500 0.000000 0.000000
0.070312 0.000000 0.000000
0.078125 0.000000 0.000000
0.085938 0.000000 0.000000
0.093750 0.000000 0.000000
0.101562 0.000000 0.000000
0.109375 0.000000 0.000000
0.117188 0.000000 0.000000
0.125000 0.000000 0.000000
0.132812 0.000000 0.000000
0.140625 0.000000 0.000000
0.148438 0.000000 0.000000
0.156250 0.000000 0.000000
0.164062 0.000000 0.000000
0.171875 0.000000 0.000000
0.179688 0.000000 0.000000
0.187500 0.000000 0.000000
0.195312 0.000000 0.000000
0.203125 0.000000 0.000000
0.210938 0.000000 0.000000
0.218750 0.000000 0.000000
0.226562 0.000000 0.000000
0.234375 0.000000 0.000000
0.242188 0.000000 0.000000
0.250000 0.000000 0.000000
0.257812 0.000001 0.000000
0.265625 0.000511 0.000000
0.273438 0.007665 0.000000
0.281250 0.020708 0.000000
0.289062 0.034316 0.000000
0.296875 0.048150 0.000000
0.304688 0.062109 0.009375
0.312500 0.076145 0.025000
0.320312 0.090230 0.040625
0.328125 0.104347 0.056250
0.335938 0.118487 0.071875
0.343750 0.132642 0.087500
0.351562 0.146808 0.103125
0.359375 0.160981 0.118750
0.367188 0.175160 0.134375
0.375000 0.189342 0.150000
0.382812 0.203528 0.165625
0.390625 0.217717 0.181250
0.398438 0.231907 0.196875
0.406250 0.246099 0.212500
0.414062 0.260293 0.228125
0.421875 0.274489 0.243750
0.429688 0.288686 0.259375
0.437500 0.302884 0.275000
0.445312 0.317084 0.290625
0.453125 0.331286 0.306250
0.460938 0.345489 0.321875
0.468750 0.359695 0.337500
0.476562 0.373902 0.353125
0.484375 0.388111 0.368750
0.492188 0.402322 0.384375
0.500000 0.416535 0.400000
0.507812 0.430750 0.415625
0.515625 0.444968 0.431250
0.523438 0.459188 0.446875
0.531250 0.473410 0.462500
0.539062 0.487635 0.478125
0.546875 0.501862 0.493750
0.554688 0.516092 0.509375
0.562500 0.530324 0.525000
0.570312 0.544559 0.540625
0.578125 0.558796 0.556250
0.585938 0.573036 0.571875
0.593750 0.587279 0.587500
0.601562 0.601524 0.603125
0.609375 0.615772 0.618750
0.617188 0.630022 0.634375
0.625000 0.644274 0.650000
0.632812 0.658528 0.665625
0.640625 0.672784 0.681250
0.648438 0.687041 0.696875
0.656250 0.701298 0.712500
0.664062 0.715555 0.728125
0.671875 0.729811 0.743750
0.679688 0.744065 0.759375
0.687500 0.758314 0.775000
0.695312 0.772558 0.790625
0.703125 0.786792 0.806250
0.710938 0.801014 0.821875
0.718750 0.815219 0.837500
0.726562 0.829399 0.853125
0.734375 0.843547 0.868750
0.742188 0.857650 0.884375
0.750000 0.871690 0.900000
0.757812 0.885646 0.915625
0.765625 0.899484 0.931250
0.773438 0.913155 0.946875
0.781250 0.926591 0.962500
0.789062 0.939690 0.978125
0.796875 0.952298 0.993750
0.804688 0.964189 1.000000
0.812500 0.975036 1.000000
0.820312 0.984383 1.000000
0.828125 0.991696 1.000000
0.835938 0.996554 1.000000
0.843750 0.999031 1.000000
0.851562 0.999864 1.000000
0.859375 1.000000 1.000000
0.867188 1.000000 1.000000
0.875000 1.000000 1.000000
0.882812 1.000000 1.000000
0.890625 1.000000 1.000000
0.898438 1.000000 1.000000
0.906250 1.000000 1.000000
0.914062 1.000000 1.000000
0.921875 1.000000 1.000000
0.929688 1.000000 1.000000
0.937500 1.000000 1.000000
0.945312 1.000000 1.000000
0.953125 1.000000 1.000000
0.960938 1.000000 1.000000
0.968750 1.000000 1.000000
0.976562 1.000000 1.000000
0.984375 1.000000 1.000000
