0.000000 0.000000 0.000000
0.030303 0.002165 0.000000
0.060606 0.002377 0.000000
0.090909 0.012323 0.000000
0.121212 0.012323 0.000000
0.151515 0.039855 0.000000
0.181818 0.039855 0.000000
0.212121 0.093069 0.000000
0.242424 0.093069 0.000000
0.272727 0.173280 0.000000
0.303030 0.173280 0.010101
0.333333 0.276240 0.111111
0.363636 0.276240 0.212121
0.393939 0.395965 0.313131
0.424242 0.395965 0.414141
0.454545 0.525259 0.515152
0.484848 0.525259 0.616162
0.515152 0.638994 0.717172
0.545455 0.638994 0.818182
0.575758 0.586841 0.919192
0.606061 0.586841 1.000000
0.636364 0.227024 1.000000
0.666667 0.227024 0.000000
0.696970 0.027058 0.000000
0.727273 0.027058 0.000000
0.757576 0.001504 0.000000
0.787879 0.001504 0.000000
0.818182 0.000000 0.000000
0.848485 0.000000 0.000000
0.878788 0.000000 0.000000
0.909091 0.000000 0.000000
0.939394 0.000000 0.000000
