0.000000 0.000000 0.000000
0.007752 0.000000 0.000000
0.015504 0.000000 0.000000
0.023256 0.000000 0.000000
0.031008 0.000000 0.000000
0.038760 0.000000 0.000000
0.046512 0.000000 0.000000
0.054264 0.000000 0.000000
0.062016 0.000000 0.000000
0.069767 0.000000 0.000000
0.077519 0.000000 0.000000
0.085271 0.000000 0.000000
0.093023 0.000000 0.000000
0.100775 0.000000 0.000000
0.108527 0.000000 0.000000
0.116279 0.000000 0.000000
0.124031 0.000000 0.000000
0.131783 0.000000 0.000000
0.139535 0.000000 0.000000
0.147287 0.000000 0.000000
0.155039 0.000000 0.000000
0.162791 0.000000 0.000000
0.170543 0.000000 0.000000
0.178295 0.000000 0.000000
0.186047 0.000000 0.000000
0.193798 0.000000 0.000000
0.201550 0.000000 0.000000
0.209302 0.000000 0.000000
0.217054 0.000000 0.000000
0.224806 0.000000 0.000000
0.232558 0.000000 0.000000
0.240310 0.000000 0.000000
0.248062 0.000000 0.000000
0.255814 0.000000 0.000000
0.263566 0.000000 0.000000
0.271318 0.000000 0.000000
0.279070 0.000000 0.000000
0.286822 0.000000 0.000000
0.294574 0.000000 0.000000
0.302326 0.045658 0.007752
0.310078 0.073881 0.033592
0.317829 0.100167 0.059432
0.325581 0.125578 0.085271
0.333333 0.150485 0.111111
0.341085 0.175060 0.136951
0.348837 0.199401 0.162791
0.356589 0.223568 0.188630
0.364341 0.247600 0.214470
0.372093 0.271527 0.240310
0.379845 0.295368 0.266150
0.387597 0.319139 0.291990
0.395349 0.342851 0.317829
0.403101 0.366515 0.343669
0.410853 0.390138 0.369509
0.418605 0.413726 0.395349
0.426357 0.437284 0.421189
0.434109 0.460817 0.447028
0.441860 0.484329 0.472868
0.449612 0.507822 0.498708
0.457364 0.531300 0.524548
0.465116 0.554765 0.550388
0.472868 0.578218 0.576227
0.480620 0.601662 0.602067
0.488372 0.625096 0.627907
0.496124 0.648521 0.653747
0.503876 0.671937 0.679587
0.511628 0.695342 0.705426
0.519380 0.718733 0.731266
0.527132 0.742104 0.757106
0.534884 0.765449 0.782946
0.542636 0.788753 0.808786
0.550388 0.811996 0.834625
0.558140 0.835146 0.860465
0.565891 0.858151 0.886305
0.573643 0.880926 0.912145
0.581395 0.903331 0.937984
0.589147 0.925122 0.963824
0.596899 0.945879 0.989664
0.604651 0.964873 1.000000
0.612403 0.980916 1.000000
0.620155 0.992440 1.000000
0.627907 0.998067 1.000000
0.635659 0.957382 1.000000
0.643411 0.387568 1.000000
0.651163 0.005410 0.000000
0.658915 0.000000 0.000000
0.666667 0.000000 0.000000
0.674419 0.000000 0.000000
0.682171 0.000000 0.000000
0.689922 0.000000 0.000000
0.697674 0.000000 0.000000
0.705426 0.000000 0.000000
0.713178 0.000000 0.000000
0.720930 0.000000 0.000000
0.728682 0.000000 0.000000
0.736434 0.000000 0.000000
0.744186 0.000000 0.000000
0.751938 0.000000 0.000000
0.759690 0.000000 0.000000
0.767442 0.000000 0.000000
0.775194 0.000000 0.000000
0.782946 0.000000 0.000000
0.790698 0.000000 0.000000
0.798450 0.000000 0.000000
0.806202 0.000000 0.000000
0.813953 0.000000 0.000000
0.821705 0.000000 0.000000
0.829457 0.000000 0.000000
0.837209 0.000000 0.000000
0.844961 0.000000 0.000000
0.852713 0.000000 0.000000
0.860465 0.000000 0.000000
0.868217 0.000000 0.000000
0.875969 0.000000 0.000000
0.883721 0.000000 0.000000
0.891473 0.000000 0.000000
0.899225 0.000000 0.000000
0.906977 0.000000 0.000000
0.914729 0.000000 0.000000
0.922481 0.000000 0.000000
0.930233 0.000000 0.000000
0.937984 0.000000 0.000000
0.945736 0.000000 0.000000
0.953488 0.000000 0.000000
0.961240 0.000000 0.000000
0.968992 0.000000 0.000000
0.976744 0.000000 0.000000
0.984496 0.000000 0.000000
