0.000 0.000 0.000
0.004 0.000 0.000
0.008 0.000 0.000
0.012 0.000 0.000
0.016 0.000 0.000
0.019 0.000 0.000
0.023 0.000 0.000
0.027 0.000 0.000
0.031 0.000 0.000
0.035 0.000 0.000
0.039 0.000 0.000
0.043 0.000 0.000
0.047 0.000 0.000
0.051 0.000 0.000
0.054 0.000 0.000
0.058 0.000 0.000
0.062 0.000 0.000
0.066 0.000 0.000
0.070 0.000 0.000
0.074 0.000 0.000
0.078 0.000 0.000
0.082 0.000 0.000
0.086 0.000 0.000
0.089 0.000 0.000
0.093 0.000 0.000
0.097 0.000 0.000
0.101 0.000 0.000
0.105 0.000 0.000
0.109 0.000 0.000
0.113 0.000 0.000
0.117 0.000 0.000
0.121 0.000 0.000
0.125 0.000 0.000
0.128 0.000 0.000
0.132 0.000 0.000
0.136 0.000 0.000
0.140 0.000 0.000
0.144 0.000 0.000
0.148 0.000 0.000
0.152 0.000 0.000
0.156 0.000 0.000
0.160 0.000 0.000
0.163 0.000 0.000
0.167 0.000 0.000
0.171 0.000 0.000
0.175 0.000 0.000
0.179 0.000 0.000
0.183 0.000 0.000
0.187 0.000 0.000
0.191 0.000 0.000
0.195 0.000 0.000
0.198 0.000 0.000
0.202 0.000 0.000
0.206 0.000 0.000
0.210 0.000 0.000
0.214 0.000 0.000
0.218 0.000 0.000
0.222 0.000 0.000
0.226 0.000 0.000
0.230 0.000 0.000
0.233 0.000 0.000
0.237 0.000 0.000
0.241 0.000 0.000
0.245 0.000 0.000
0.249 0.000 0.000
0.253 0.000 0.000
0.257 0.000 0.000
0.261 0.000 0.000
0.265 0.000 0.000
0.268 0.000 0.000
0.272 0.000 0.000
0.276 0.000 0.000
0.280 0.000 0.000
0.284 0.000 0.000
0.288 0.000 0.000
0.292 0.000 0.000
0.296 0.000 0.225
0.300 0.000 0.325
0.304 0.000 1.000
0.307 0.000 1.000
0.311 0.000 1.000
0.315 0.000 1.000
0.319 0.000 1.000
0.323 0.000 1.000
0.327 0.000 1.000
0.331 0.000 1.000
0.335 0.000 1.000
0.339 0.000 1.000
0.342 0.000 1.000
0.346 0.000 1.000
0.350 0.000 1.000
0.354 0.000 1.000
0.358 0.000 1.000
0.362 0.000 1.000
0.366 0.000 1.000
0.370 0.000 1.000
0.374 0.000 1.000
0.377 0.000 1.000
0.381 0.000 1.000
0.385 0.000 1.000
0.389 0.000 1.000
0.393 0.000 1.000
0.397 0.000 1.000
0.401 0.000 1.000
0.405 0.000 1.000
0.409 0.000 1.000
0.412 0.000 1.000
0.416 0.000 1.000
0.420 0.000 1.000
0.424 0.000 1.000
0.428 0.000 1.000
0.432 0.000 1.000
0.436 0.000 1.000
0.440 0.000 1.000
0.444 0.000 1.000
0.447 0.000 1.000
0.451 0.000 1.000
0.455 0.000 1.000
0.459 0.000 1.000
0.463 0.000 1.000
0.467 0.000 1.000
0.471 0.000 1.000
0.475 0.000 1.000
0.479 0.000 1.000
0.482 0.000 1.000
0.486 0.000 1.000
0.490 0.000 1.000
0.494 0.000 1.000
0.498 0.000 1.000
0.502 0.000 1.000
0.506 0.000 1.000
0.510 0.000 1.000
0.514 0.000 1.000
0.518 0.000 1.000
0.521 0.000 1.000
0.525 0.000 1.000
0.529 0.000 1.000
0.533 0.000 1.000
0.537 0.000 1.000
0.541 0.000 1.000
0.545 0.000 1.000
0.549 0.000 1.000
0.553 0.000 1.000
0.556 0.000 1.000
0.560 0.000 1.000
0.564 0.000 1.000
0.568 0.000 1.000
0.572 0.000 1.000
0.576 0.000 1.000
0.580 0.000 1.000
0.584 0.000 1.000
0.588 0.000 1.000
0.591 0.000 1.000
0.595 0.000 1.000
0.599 0.000 1.000
0.603 0.000 1.000
0.607 0.000 1.000
0.611 0.000 1.000
0.615 0.000 1.000
0.619 0.000 1.000
0.623 0.000 1.000
0.626 0.000 1.000
0.630 0.000 1.000
0.634 0.000 1.000
0.638 0.000 1.000
0.642 0.000 1.000
0.646 0.000 1.000
0.650 0.000 1.000
0.654 0.000 1.000
0.658 0.000 1.000
0.661 0.000 1.000
0.665 0.000 1.000
0.669 0.000 1.000
0.673 0.000 1.000
0.677 0.000 1.000
0.681 0.000 1.000
0.685 0.000 1.000
0.689 0.000 1.000
0.693 0.000 1.000
0.696 0.000 1.000
0.700 0.000 1.000
0.704 0.000 1.000
0.708 0.000 1.000
0.712 0.000 1.000
0.716 0.000 1.000
0.720 0.000 1.000
0.724 0.000 1.000
0.728 0.000 1.000
0.732 0.000 1.000
0.735 0.000 1.000
0.739 0.000 1.000
0.743 0.000 1.000
0.747 0.000 1.000
0.751 0.000 1.000
0.755 0.000 1.000
0.759 0.000 1.000
0.763 0.000 1.000
0.767 0.000 1.000
0.770 0.000 1.000
0.774 0.000 1.000
0.778 0.000 1.000
0.782 0.000 1.000
0.786 0.000 1.000
0.790 0.000 1.000
0.794 0.000 1.000
0.798 0.000 1.000
0.802 0.000 1.000
0.805 0.000 1.000
0.809 0.000 1.000
0.813 0.000 1.000
0.817 0.000 1.000
0.821 0.000 1.000
0.825 0.000 1.000
0.829 0.000 1.000
0.833 0.000 1.000
0.837 0.000 1.000
0.840 0.000 1.000
0.844 0.000 1.000
0.848 0.000 1.000
0.852 0.000 1.000
0.856 0.000 1.000
0.860 0.000 1.000
0.864 0.000 1.000
0.868 0.000 1.000
0.872 0.000 1.000
0.875 0.000 1.000
0.879 0.000 1.000
0.883 0.000 1.000
0.887 0.000 1.000
0.891 0.000 1.000
0.895 0.000 1.000
0.899 0.000 1.000
0.903 0.000 1.000
0.907 0.000 1.000
0.911 0.000 1.000
0.914 0.000 1.000
0.918 0.000 1.000
0.922 0.000 1.000
0.926 0.000 1.000
0.930 0.000 1.000
0.934 0.000 1.000
0.938 0.000 1.000
0.942 0.000 1.000
0.946 0.000 1.000
0.949 0.000 1.000
0.953 0.000 1.000
0.957 0.000 1.000
0.961 0.000 1.000
0.965 0.000 1.000
0.969 0.000 1.000
0.973 0.000 1.000
0.977 0.000 1.000
0.981 0.000 1.000
0.984 0.000 1.000
0.988 0.000 1.000
0.992 0.000 1.000
