0.000000 0.000000 0.000000
0.030303 0.000000 0.000000
0.060606 0.000000 0.000000
0.090909 0.000000 0.000000
0.121212 0.000000 0.000000
0.151515 0.000000 0.000000
0.181818 0.000000 0.000000
0.212121 0.000000 0.000000
0.242424 0.000000 0.000000
0.272727 0.000000 0.275000
0.303030 0.000000 0.275000
0.333333 0.000000 1.000000
0.363636 0.000000 1.000000
0.393939 0.000000 1.000000
0.424242 0.000000 1.000000
0.454545 0.000000 0.725000
0.484848 0.000000 0.725000
0.515152 0.000000 0.000000
0.545455 0.000000 0.000000
0.575758 0.000000 0.000000
0.606061 0.000000 0.000000
0.636364 0.000000 0.000000
0.666667 0.000000 0.000000
0.696970 0.000000 0.000000
0.727273 0.000000 0.000000
0.757576 0.000000 0.000000
0.787879 0.000000 0.000000
0.818182 0.000000 0.000000
0.848485 0.000000 0.000000
0.878788 0.000000 0.000000
0.909091 0.000000 0.000000
0.939394 0.000000 0.000000
0.000000 0.027273 0.000000
0.030303 0.027273 0.000000
0.060606 0.027273 0.000000
0.090909 0.027273 0.000000
0.121212 0.027273 0.000000
0.151515 0.027273 0.000000
0.181818 0.027273 0.000000
0.212121 0.027273 0.000000
0.242424 0.027273 0.120484
0.272727 0.027273 0.120484
0.303030 0.027273 0.429516
0.333333 0.027273 0.429516
0.363636 0.027273 1.000000
0.393939 0.027273 1.000000
0.424242 0.027273 0.969234
0.454545 0.027273 0.969234
0.484848 0.027273 0.480766
0.515152 0.027273 0.480766
0.545455 0.027273 0.000000
0.575758 0.027273 0.000000
0.606061 0.027273 0.000000
0.636364 0.027273 0.000000
0.666667 0.027273 0.000000
0.696970 0.027273 0.000000
0.727273 0.027273 0.000000
0.757576 0.027273 0.000000
0.787879 0.027273 0.000000
0.818182 0.027273 0.000000
0.848485 0.027273 0.000000
0.878788 0.027273 0.000000
0.909091 0.027273 0.000000
0.939394 0.027273 0.000000
0.000000 0.054545 0.000000
0.030303 0.054545 0.000000
0.060606 0.054545 0.000000
0.090909 0.054545 0.000000
0.121212 0.054545 0.000000
0.151515 0.054545 0.000000
0.181818 0.054545 0.000000
0.212121 0.054545 0.056976
0.242424 0.054545 0.056976
0.272727 0.054545 0.236757
0.303030 0.054545 0.236757
0.333333 0.054545 0.531267
0.363636 0.054545 0.531267
0.393939 0.054545 0.998249
0.424242 0.054545 0.998249
0.454545 0.054545 0.884363
0.484848 0.054545 0.884363
0.515152 0.054545 0.292388
0.545455 0.054545 0.292388
0.575758 0.054545 0.000000
0.606061 0.054545 0.000000
0.636364 0.054545 0.000000
0.666667 0.054545 0.000000
0.696970 0.054545 0.000000
0.727273 0.054545 0.000000
0.757576 0.054545 0.000000
0.787879 0.054545 0.000000
0.818182 0.054545 0.000000
0.848485 0.054545 0.000000
0.878788 0.054545 0.000000
0.909091 0.054545 0.000000
0.939394 0.054545 0.000000
0.000000 0.081818 0.000000
0.030303 0.081818 0.000000
0.060606 0.081818 0.000000
0.090909 0.081818 0.000000
0.121212 0.081818 0.000000
0.151515 0.081818 0.000000
0.181818 0.081818 0.027758
0.212121 0.081818 0.027758
0.242424 0.081818 0.134985
0.272727 0.081818 0.134985
0.303030 0.081818 0.333119
0.333333 0.081818 0.333119
0.363636 0.081818 0.604050
0.393939 0.081818 0.604050
0.424242 0.081818 0.989546
0.454545 0.081818 0.989546
0.484848 0.081818 0.745112
0.515152 0.081818 0.745112
0.545455 0.081818 0.165430
0.575758 0.081818 0.165430
0.606061 0.081818 0.000000
0.636364 0.081818 0.000000
0.666667 0.081818 0.000000
0.696970 0.081818 0.000000
0.727273 0.081818 0.000000
0.757576 0.081818 0.000000
0.787879 0.081818 0.000000
0.818182 0.081818 0.000000
0.848485 0.081818 0.000000
0.878788 0.081818 0.000000
0.909091 0.081818 0.000000
0.939394 0.081818 0.000000
0.000000 0.109091 0.000000
0.030303 0.109091 0.000000
0.060606 0.109091 0.000000
0.090909 0.109091 0.000000
0.121212 0.109091 0.000000
0.151515 0.109091 0.013705
0.181818 0.109091 0.013705
0.212121 0.109091 0.077445
0.242424 0.109091 0.077445
0.272727 0.109091 0.213184
0.303030 0.109091 0.213184
0.333333 0.109091 0.411455
0.363636 0.109091 0.411455
0.393939 0.109091 0.658575
0.424242 0.109091 0.658575
0.454545 0.109091 0.962732
0.484848 0.109091 0.962732
0.515152 0.109091 0.574032
0.545455 0.109091 0.574032
0.575758 0.109091 0.088872
0.606061 0.109091 0.088872
0.636364 0.109091 0.000000
0.666667 0.109091 0.000000
0.696970 0.109091 0.000000
0.727273 0.109091 0.000000
0.757576 0.109091 0.000000
0.787879 0.109091 0.000000
0.818182 0.109091 0.000000
0.848485 0.109091 0.000000
0.878788 0.109091 0.000000
0.909091 0.109091 0.000000
0.939394 0.109091 0.000000
0.000000 0.136364 0.000000
0.030303 0.136364 0.000000
0.060606 0.136364 0.000000
0.090909 0.136364 0.000000
0.121212 0.136364 0.006810
0.151515 0.136364 0.006810
0.181818 0.136364 0.044268
0.212121 0.136364 0.044268
0.242424 0.136364 0.136438
0.272727 0.136364 0.136438
0.303030 0.136364 0.284454
0.333333 0.136364 0.284454
0.363636 0.136364 0.475519
0.393939 0.136364 0.475519
0.424242 0.136364 0.699699
0.454545 0.136364 0.699699
0.484848 0.136364 0.902783
0.515152 0.136364 0.902783
0.545455 0.136364 0.403815
0.575758 0.136364 0.403815
0.606061 0.136364 0.046213
0.636364 0.136364 0.046213
0.666667 0.136364 0.000000
0.696970 0.136364 0.000000
0.727273 0.136364 0.000000
0.757576 0.136364 0.000000
0.787879 0.136364 0.000000
0.818182 0.136364 0.000000
0.848485 0.136364 0.000000
0.878788 0.136364 0.000000
0.909091 0.136364 0.000000
0.939394 0.136364 0.000000
0.000000 0.163636 0.000000
0.030303 0.163636 0.000000
0.060606 0.163636 0.000000
0.090909 0.163636 0.003395
0.121212 0.163636 0.003395
0.151515 0.163636 0.025109
0.181818 0.163636 0.025109
0.212121 0.163636 0.086606
0.242424 0.163636 0.086606
0.272727 0.163636 0.196429
0.303030 0.163636 0.196429
0.333333 0.163636 0.347316
0.363636 0.163636 0.347316
0.393939 0.163636 0.528331
0.424242 0.163636 0.528331
0.454545 0.163636 0.728017
0.484848 0.163636 0.728017
0.515152 0.163636 0.799988
0.545455 0.163636 0.799988
0.575758 0.163636 0.261224
0.606061 0.163636 0.261224
0.636364 0.163636 0.023587
0.666667 0.163636 0.023587
0.696970 0.163636 0.000000
0.727273 0.163636 0.000000
0.757576 0.163636 0.000000
0.787879 0.163636 0.000000
0.818182 0.163636 0.000000
0.848485 0.163636 0.000000
0.878788 0.163636 0.000000
0.909091 0.163636 0.000000
0.939394 0.163636 0.000000
0.000000 0.190909 0.000000
0.030303 0.190909 0.000000
0.060606 0.190909 0.001695
0.090909 0.190909 0.001695
0.121212 0.190909 0.014112
0.151515 0.190909 0.014112
0.181818 0.190909 0.054311
0.212121 0.190909 0.054311
0.242424 0.190909 0.134523
0.272727 0.190909 0.134523
0.303030 0.190909 0.253412
0.333333 0.190909 0.253412
0.363636 0.190909 0.402159
0.393939 0.190909 0.402159
0.424242 0.190909 0.571727
0.454545 0.190909 0.571727
0.484848 0.190909 0.739259
0.515152 0.190909 0.739259
0.545455 0.190909 0.659248
0.575758 0.190909 0.659248
0.606061 0.190909 0.157634
0.636364 0.190909 0.157634
0.666667 0.190909 0.011919
0.696970 0.190909 0.011919
0.727273 0.190909 0.000000
0.757576 0.190909 0.000000
0.787879 0.190909 0.000000
0.818182 0.190909 0.000000
0.848485 0.190909 0.000000
0.878788 0.190909 0.000000
0.909091 0.190909 0.000000
0.939394 0.190909 0.000000
0.000000 0.218182 0.000000
0.030303 0.218182 0.000847
0.060606 0.218182 0.000847
0.090909 0.218182 0.007859
0.121212 0.218182 0.007859
0.151515 0.218182 0.033593
0.181818 0.218182 0.033593
0.212121 0.218182 0.091009
0.242424 0.218182 0.091009
0.272727 0.218182 0.183591
0.303030 0.218182 0.183591
0.333333 0.218182 0.305845
0.363636 0.218182 0.305845
0.393939 0.218182 0.449787
0.424242 0.218182 0.449787
0.454545 0.218182 0.606076
0.484848 0.218182 0.606076
0.515152 0.218182 0.724430
0.545455 0.218182 0.724430
0.575758 0.218182 0.500637
0.606061 0.218182 0.500637
0.636364 0.218182 0.090335
0.666667 0.218182 0.090335
0.696970 0.218182 0.005991
0.727273 0.218182 0.005991
0.757576 0.218182 0.000000
0.787879 0.218182 0.000000
0.818182 0.218182 0.000000
0.848485 0.218182 0.000000
0.878788 0.218182 0.000000
0.909091 0.218182 0.000000
0.939394 0.218182 0.000000
0.000000 0.245455 0.000000
0.030303 0.245455 0.000423
0.060606 0.245455 0.004339
0.090909 0.245455 0.004339
0.121212 0.245455 0.020486
0.151515 0.245455 0.020486
0.181818 0.245455 0.060691
0.212121 0.245455 0.060691
0.242424 0.245455 0.131580
0.272727 0.245455 0.131580
0.303030 0.245455 0.231255
0.333333 0.245455 0.231255
0.363636 0.245455 0.353343
0.393939 0.245455 0.353343
0.424242 0.245455 0.490802
0.454545 0.245455 0.490802
0.484848 0.245455 0.629822
0.515152 0.245455 0.629822
0.545455 0.245455 0.674220
0.575758 0.245455 0.674220
0.606061 0.245455 0.350043
0.636364 0.245455 0.350043
0.666667 0.245455 0.049991
0.696970 0.245455 0.049991
0.727273 0.245455 0.003004
0.757576 0.245455 0.003004
0.787879 0.245455 0.000000
0.818182 0.245455 0.000000
0.848485 0.245455 0.000000
0.878788 0.245455 0.000000
0.909091 0.245455 0.000000
0.939394 0.245455 0.000000
0.000000 0.272727 0.000000
0.030303 0.272727 0.002165
0.060606 0.272727 0.002377
0.090909 0.272727 0.012323
0.121212 0.272727 0.012323
0.151515 0.272727 0.039855
0.181818 0.272727 0.039855
0.212121 0.272727 0.093069
0.242424 0.272727 0.093069
0.272727 0.272727 0.173280
0.303030 0.272727 0.173280
0.333333 0.272727 0.276240
0.363636 0.272727 0.276240
0.393939 0.272727 0.395965
0.424242 0.272727 0.395965
0.454545 0.272727 0.525259
0.484848 0.272727 0.525259
0.515152 0.272727 0.638994
0.545455 0.272727 0.638994
0.575758 0.272727 0.586841
0.606061 0.272727 0.586841
0.636364 0.272727 0.227024
0.666667 0.272727 0.227024
0.696970 0.272727 0.027058
0.727273 0.272727 0.027058
0.757576 0.272727 0.001504
0.787879 0.272727 0.001504
0.818182 0.272727 0.000000
0.848485 0.272727 0.000000
0.878788 0.272727 0.000000
0.909091 0.272727 0.000000
0.939394 0.272727 0.000000
