0.000000 0.000000 0.000000
0.007812 0.000000 0.000000
0.015625 0.000000 0.000000
0.023438 0.000000 0.000000
0.031250 0.000000 0.000000
0.039062 0.000000 0.000000
0.046875 0.000000 0.000000
0.054688 0.000000 0.000000
0.062500 0.000000 0.000000
0.070312 0.000000 0.000000
0.078125 0.000000 0.000000
0.085938 0.000000 0.000000
0.093750 0.000000 0.000000
0.101562 0.000000 0.000000
0.109375 0.000000 0.000000
0.117188 0.000000 0.000000
0.125000 0.000000 0.000000
0.132812 0.000000 0.000000
0.140625 0.000000 0.000000
0.148438 0.000000 0.000000
0.156250 0.000000 0.000000
0.164062 0.000000 0.000000
0.171875 0.000000 0.000000
0.179688 0.000000 0.000000
0.187500 0.000000 0.000000
0.195312 0.000000 0.000000
0.203125 0.000000 0.000000
0.210938 0.000000 0.000000
0.218750 0.000000 0.000000
0.226562 0.000000 0.000000
0.234375 0.000000 0.000000
0.242188 0.000000 0.000000
0.250000 0.000000 0.000000
0.257812 0.000000 0.000000
0.265625 0.000000 0.000000
0.273438 0.000000 0.000000
0.281250 0.000000 0.000000
0.289062 0.225000 0.000000
0.296875 0.325000 0.000000
0.304688 1.000000 0.937500
0.312500 1.000000 1.000000
0.320312 1.000000 1.000000
0.328125 1.000000 1.000000
0.335938 1.000000 1.000000
0.343750 1.000000 1.000000
0.351562 1.000000 1.000000
0.359375 1.000000 1.000000
0.367188 1.000000 1.000000
0.375000 1.000000 1.000000
0.382812 1.000000 1.000000
0.390625 1.000000 1.000000
0.398438 1.000000 1.000000
0.406250 1.000000 1.000000
0.414062 1.000000 1.000000
0.421875 1.000000 1.000000
0.429688 1.000000 1.000000
0.437500 1.000000 1.000000
0.445312 1.000000 1.000000
0.453125 1.000000 1.000000
0.460938 1.000000 1.000000
0.468750 1.000000 1.000000
0.476562 1.000000 1.000000
0.484375 1.000000 1.000000
0.492188 1.000000 1.000000
0.500000 1.000000 1.000000
0.507812 1.000000 1.000000
0.515625 1.000000 1.000000
0.523438 1.000000 1.000000
0.531250 1.000000 1.000000
0.539062 1.000000 1.000000
0.546875 1.000000 1.000000
0.554688 1.000000 1.000000
0.562500 1.000000 1.000000
0.570312 1.000000 1.000000
0.578125 1.000000 1.000000
0.585938 1.000000 1.000000
0.593750 1.000000 1.000000
0.601562 1.000000 1.000000
0.609375 1.000000 1.000000
0.617188 1.000000 1.000000
0.625000 1.000000 1.000000
0.632812 1.000000 1.000000
0.640625 1.000000 1.000000
0.648438 1.000000 1.000000
0.656250 1.000000 1.000000
0.664062 1.000000 1.000000
0.671875 1.000000 1.000000
0.679688 1.000000 1.000000
0.687500 1.000000 1.000000
0.695312 1.000000 1.000000
0.703125 1.000000 1.000000
0.710938 1.000000 1.000000
0.718750 1.000000 1.000000
0.726562 1.000000 1.000000
0.734375 1.000000 1.000000
0.742188 1.000000 1.000000
0.750000 1.000000 1.000000
0.757812 1.000000 1.000000
0.765625 1.000000 1.000000
0.773438 1.000000 1.000000
0.781250 1.000000 1.000000
0.789062 1.000000 1.000000
0.796875 1.000000 1.000000
0.804688 1.000000 1.000000
0.812500 1.000000 1.000000
0.820312 1.000000 1.000000
0.828125 1.000000 1.000000
0.835938 1.000000 1.000000
0.843750 1.000000 1.000000
0.851562 1.000000 1.000000
0.859375 1.000000 1.000000
0.867188 1.000000 1.000000
0.875000 1.000000 1.000000
0.882812 1.000000 1.000000
0.890625 1.000000 1.000000
0.898438 1.000000 1.000000
0.906250 1.000000 1.000000
0.914062 1.000000 1.000000
0.921875 1.000000 1.000000
0.929688 1.000000 1.000000
0.937500 1.000000 1.000000
0.945312 1.000000 1.000000
0.953125 1.000000 1.000000
0.960938 1.000000 1.000000
0.968750 1.000000 1.000000
0.976562 1.000000 1.000000
0.984375 1.000000 1.000000
